8  14222.5	2.294288e+00	1.230364e-01	1.852189e+00	8.889988e-01	5.807068e-02	5.979965e-01	7.954330e+00	6.026023e+01	7.294804e-01	4.037775e-01	
7  11869.9	2.358995e+00	1.163484e-01	1.853162e+00	8.838905e-01	4.374818e-02	5.964511e-01	6.237473e+00	5.888711e+01	6.971205e-01	4.054067e-01	
3  10151.2	1.936896e+00	1.117401e-01	1.998540e+00	8.801677e-01	5.153348e-02	5.917119e-01	7.923447e+00	5.666735e+01	7.241705e-01	4.102943e-01	
22  9435.93	2.012873e+00	1.140875e-01	1.925238e+00	8.761025e-01	2.402712e-02	5.952650e-01	4.407433e+00	5.758602e+01	7.168618e-01	4.066776e-01	
1  8814.67	2.188618e+00	1.198528e-01	1.871621e+00	8.745474e-01	1.269880e-02	5.860313e-01	2.538963e+00	5.851415e+01	7.196447e-01	4.158502e-01	
8  8289.74	1.858244e+00	1.193875e-01	1.894494e+00	8.738388e-01	8.617662e-03	5.884112e-01	2.076408e+00	5.789759e+01	7.399139e-01	4.135106e-01	
24  7440.64	1.878564e+00	1.266158e-01	1.978987e+00	8.692392e-01	6.669086e-03	5.695016e-01	1.665005e+00	5.811639e+01	7.800038e-01	4.324057e-01	
31  7421.99	2.055748e+00	1.390574e-01	2.064810e+00	8.692672e-01	2.023104e-02	5.721147e-01	4.049110e+00	6.107634e+01	8.386086e-01	4.296123e-01	
17  7293.21	2.140002e+00	1.390599e-01	2.202022e+00	8.660916e-01	1.953144e-02	5.435589e-01	3.813972e+00	5.929130e+01	8.526519e-01	4.582736e-01	
3  7184.65	2.610097e+00	1.493506e-01	2.161790e+00	8.627753e-01	2.526634e-02	5.190844e-01	4.127022e+00	6.040100e+01	8.526431e-01	4.826814e-01	
19  7155.49	2.595993e+00	1.462844e-01	2.189384e+00	8.568319e-01	2.906724e-02	5.347847e-01	4.591507e+00	6.084788e+01	8.493210e-01	4.669552e-01	
47  6947.26	2.467143e+00	1.447274e-01	2.263147e+00	8.555653e-01	4.855603e-02	5.302648e-01	6.963242e+00	6.005216e+01	8.627109e-01	4.715216e-01	
27  6894.41	2.272661e+00	1.428732e-01	2.118351e+00	8.510066e-01	2.036993e-02	5.161300e-01	3.795723e+00	5.850130e+01	8.330439e-01	4.857523e-01	
6  6890.88	2.226358e+00	1.480463e-01	2.220384e+00	8.585345e-01	3.833533e-02	5.190080e-01	6.312576e+00	5.950466e+01	8.784856e-01	4.828114e-01	
4  6885.78	2.175853e+00	1.375324e-01	2.175236e+00	8.554495e-01	4.075132e-02	5.387683e-01	6.561752e+00	5.876734e+01	8.351850e-01	4.630970e-01	
88  6780.85	2.271375e+00	1.487008e-01	2.237414e+00	8.609294e-01	3.205351e-02	5.283755e-01	5.456955e+00	6.028727e+01	8.851850e-01	4.733969e-01	
126  6696.37	2.382158e+00	1.447500e-01	2.132996e+00	8.654150e-01	1.992651e-02	5.434291e-01	3.632530e+00	6.076284e+01	8.483290e-01	4.583157e-01	
32  6690.31	2.079223e+00	1.423630e-01	2.200588e+00	8.728227e-01	3.096965e-02	5.397312e-01	5.581192e+00	5.953806e+01	8.700644e-01	4.620861e-01	
24  6678.32	2.309604e+00	1.441753e-01	2.270778e+00	8.702211e-01	4.894744e-02	5.623817e-01	7.328232e+00	6.182484e+01	8.836713e-01	4.393037e-01	
224  6673.65	2.181273e+00	1.326450e-01	2.226730e+00	8.682161e-01	5.384882e-02	5.798118e-01	7.962051e+00	6.062936e+01	8.383251e-01	4.219406e-01	
64  6554.28	2.402681e+00	1.355340e-01	2.313463e+00	8.773626e-01	6.989744e-02	5.937315e-01	9.082291e+00	6.266954e+01	8.607560e-01	4.079088e-01	
240  6540	2.239873e+00	1.348279e-01	2.307559e+00	8.722949e-01	6.761032e-02	5.855905e-01	9.270401e+00	6.159539e+01	8.622062e-01	4.161075e-01	
18  6470.92	2.407001e+00	1.364254e-01	2.341320e+00	8.879138e-01	7.647693e-02	5.870782e-01	9.692947e+00	6.234438e+01	8.709048e-01	4.145792e-01	
252  6426.23	2.335637e+00	1.338626e-01	2.226940e+00	8.928691e-01	6.096505e-02	5.923149e-01	8.352310e+00	6.209977e+01	8.451784e-01	4.093556e-01	
114  6388.42	2.372888e+00	1.342421e-01	2.186584e+00	8.992764e-01	5.244535e-02	6.101837e-01	7.422989e+00	6.365884e+01	8.438309e-01	3.914060e-01	
296  6323.11	2.422296e+00	1.311576e-01	2.198333e+00	9.040331e-01	5.315908e-02	6.384767e-01	7.355606e+00	6.555867e+01	8.392280e-01	3.630222e-01	
594  6257.51	2.388597e+00	1.306934e-01	2.161051e+00	9.086613e-01	4.629187e-02	6.367830e-01	6.703537e+00	6.523680e+01	8.328241e-01	3.647307e-01	
146  6227.53	2.365115e+00	1.308553e-01	2.109333e+00	9.127219e-01	3.203390e-02	6.409074e-01	5.143906e+00	6.559489e+01	8.272194e-01	3.605898e-01	
241  6205.66	2.214433e+00	1.257250e-01	2.063638e+00	9.161738e-01	3.153384e-02	6.522827e-01	5.259018e+00	6.521177e+01	8.078506e-01	3.492321e-01	
135  6172.39	2.278775e+00	1.258678e-01	2.044369e+00	9.165150e-01	2.499979e-02	6.471730e-01	4.328819e+00	6.490970e+01	7.998070e-01	3.543560e-01	
2746  6163.02	2.294864e+00	1.328680e-01	2.013705e+00	9.187702e-01	1.058266e-02	6.150042e-01	2.194328e+00	6.361784e+01	8.151404e-01	3.865875e-01	
1041  6125.29	2.235770e+00	1.324305e-01	1.984708e+00	9.302724e-01	7.950975e-03	6.079689e-01	1.738354e+00	6.283603e+01	8.119726e-01	3.936627e-01	
44  6124.7	2.191124e+00	1.317441e-01	1.998893e+00	9.415561e-01	8.049036e-03	6.190776e-01	1.790997e+00	6.351197e+01	8.208152e-01	3.825194e-01	
1047  6124.16	2.257019e+00	1.297411e-01	2.054617e+00	9.458980e-01	3.306883e-02	6.184304e-01	5.412033e+00	6.317995e+01	8.205941e-01	3.831834e-01	
1884  6088.85	2.131621e+00	1.266032e-01	2.111888e+00	9.454153e-01	4.787388e-02	6.319717e-01	7.339462e+00	6.339747e+01	8.288412e-01	3.696310e-01	
1261  6079.35	2.197030e+00	1.285398e-01	1.964508e+00	9.507365e-01	9.659415e-03	6.270126e-01	2.083076e+00	6.352370e+01	8.045252e-01	3.745838e-01	
2060  6071.84	2.172494e+00	1.292993e-01	2.020145e+00	9.588795e-01	2.372683e-02	6.311294e-01	4.328819e+00	6.398620e+01	8.242988e-01	3.704440e-01	
328  6070.02	2.206834e+00	1.287453e-01	2.009819e+00	9.611968e-01	2.208567e-02	6.424643e-01	4.054375e+00	6.494723e+01	8.218499e-01	3.590630e-01	
4527  6034	2.236649e+00	1.224653e-01	1.959580e+00	9.639928e-01	1.556910e-02	6.664563e-01	3.023979e+00	6.589547e+01	7.888428e-01	3.350272e-01	
2474  6032.06	2.174128e+00	1.235104e-01	2.042955e+00	9.648438e-01	3.946530e-02	6.601665e-01	6.256424e+00	6.537738e+01	8.123985e-01	3.413407e-01	
2165  6015.14	2.259697e+00	1.200225e-01	2.077567e+00	9.526971e-01	4.474415e-02	6.849357e-01	6.640366e+00	6.728059e+01	8.010889e-01	3.164874e-01	
2.976e+04  6001.07	2.238038e+00	1.214627e-01	2.086411e+00	9.652205e-01	4.904607e-02	6.808257e-01	7.166794e+00	6.713215e+01	8.136784e-01	3.206037e-01	
17  6003.62	2.265228e+00	1.187754e-01	2.017587e+00	9.653799e-01	3.226469e-02	6.987986e-01	5.206375e+00	6.852337e+01	7.908435e-01	3.025734e-01	
5120  6002.19	2.263545e+00	1.188759e-01	1.992246e+00	9.622478e-01	2.696661e-02	6.932752e-01	4.554832e+00	6.792368e+01	7.839105e-01	3.081211e-01	
8.046e+04  6001.48	2.254185e+00	1.201783e-01	1.975010e+00	9.658590e-01	2.068120e-02	6.880102e-01	3.745888e+00	6.763515e+01	7.868827e-01	3.133981e-01	
8930  6001.68	2.217936e+00	1.191929e-01	1.955166e+00	9.695520e-01	1.826041e-02	6.884813e-01	3.433891e+00	6.736588e+01	7.814625e-01	3.129382e-01	
5.439e+04  5998.99	2.230637e+00	1.196033e-01	2.020291e+00	9.631884e-01	3.328081e-02	6.880630e-01	5.386765e+00	6.744855e+01	7.936151e-01	3.133530e-01	
3619  6000.77	2.255329e+00	1.183563e-01	2.062533e+00	9.755336e-01	4.499014e-02	7.005018e-01	6.657211e+00	6.859196e+01	8.016951e-01	3.008675e-01	
929  6001.51	2.184632e+00	1.169496e-01	2.085507e+00	9.747445e-01	5.339267e-02	7.015625e-01	7.669357e+00	6.819641e+01	8.032532e-01	2.998227e-01	
8847  5998.22	2.266093e+00	1.161581e-01	2.058119e+00	9.751462e-01	4.972547e-02	7.080528e-01	7.101517e+00	6.895605e+01	7.912360e-01	2.933020e-01	
