11  972.163	6.772981e+01	2.226615e+00	1.186277e-01	-3.437902e-01	-8.216034e-01	-7.454083e-02	3.071372e-01	
1  809.17	6.870690e+01	2.284936e+00	1.151873e-01	8.765839e-01	-1.039983e+00	-1.235436e-01	2.924109e-01	
2  776.677	6.933171e+01	2.285265e+00	1.117903e-01	9.317317e-01	-7.963546e-01	-1.065370e-01	2.801043e-01	
3  766.714	6.939539e+01	2.296953e+00	1.123274e-01	1.413055e+00	-4.561622e-01	-3.272265e-02	2.809484e-01	
7  770.01	6.985178e+01	2.333985e+00	1.110852e-01	7.623090e-01	2.047959e-02	5.430796e-02	2.755023e-01	
21  756.809	6.984151e+01	2.344601e+00	1.120004e-01	5.274327e-01	-1.605184e-01	-4.181320e-02	2.776772e-01	
1  752.614	7.007588e+01	2.358868e+00	1.126600e-01	1.275167e+00	-1.310475e-01	-8.895608e-02	2.774567e-01	
5  723.501	7.031804e+01	2.333298e+00	1.116908e-01	8.402728e-01	-2.429361e-01	-1.067130e-01	2.730717e-01	
8  709.34	7.095922e+01	2.367346e+00	1.136562e-01	8.818600e-01	8.882962e-02	1.426715e-02	2.727387e-01	
5  706.084	7.097068e+01	2.353837e+00	1.159295e-01	-8.229227e-02	-1.229160e-01	-7.029670e-02	2.768956e-01	
4  698.62	7.187748e+01	2.367053e+00	1.154532e-01	4.953212e-01	6.605894e-02	-2.472048e-01	2.692870e-01	
2  681.986	7.215052e+01	2.354156e+00	1.156878e-01	7.250158e-01	-5.945079e-03	-3.072023e-01	2.674557e-01	
1  653.796	7.256780e+01	2.369116e+00	1.143872e-01	7.444163e-01	2.422749e-01	-1.611287e-01	2.622030e-01	
5  620.857	7.292952e+01	2.354323e+00	1.183808e-01	7.775766e-01	1.942088e-02	-1.802591e-01	2.668389e-01	
14  591.944	7.336972e+01	2.317437e+00	1.159083e-01	1.212589e+00	-2.933976e-01	-3.980012e-01	2.583683e-01	
2  579.138	7.372518e+01	2.339176e+00	1.147108e-01	1.299347e+00	-4.155194e-01	-4.505535e-01	2.540798e-01	
5  562.178	7.478407e+01	2.350621e+00	1.145432e-01	1.513224e+00	-8.614064e-01	-6.731058e-01	2.468405e-01	
2  544.757	7.547001e+01	2.331322e+00	1.118076e-01	1.748482e+00	-7.745402e-01	-6.860718e-01	2.372320e-01	
6  535.778	7.584146e+01	2.345019e+00	1.099445e-01	1.535222e+00	-1.375210e+00	-7.038536e-01	2.319130e-01	
6  528.451	7.649512e+01	2.358417e+00	1.120103e-01	2.468841e+00	-1.398828e+00	-7.329805e-01	2.317258e-01	
4  527.411	7.683910e+01	2.362546e+00	1.131833e-01	1.235822e+00	-2.019510e+00	-8.128761e-01	2.317124e-01	
12  522.963	7.665408e+01	2.305132e+00	1.125635e-01	1.011721e+00	-2.433829e+00	-8.551160e-01	2.308005e-01	
13  521.355	7.701972e+01	2.293958e+00	1.105069e-01	1.552606e+00	-2.155625e+00	-8.628780e-01	2.249589e-01	
6  522.716	7.825303e+01	2.286265e+00	1.097778e-01	1.377516e+00	-2.170351e+00	-9.339109e-01	2.166075e-01	
5  515.49	7.828805e+01	2.275788e+00	1.076732e-01	6.971643e-01	-2.350514e+00	-9.020273e-01	2.128090e-01	
25  515.461	7.827784e+01	2.263789e+00	1.113266e-01	1.444944e+00	-1.760034e+00	-8.824568e-01	2.186312e-01	
4  515.168	7.816687e+01	2.292871e+00	1.115968e-01	3.379829e-01	-1.533285e+00	-8.955114e-01	2.201706e-01	
3  514.335	7.855602e+01	2.313911e+00	1.103794e-01	3.553731e-01	-1.521275e+00	-8.987340e-01	2.163627e-01	
55  514.64	7.838747e+01	2.261648e+00	1.104945e-01	3.614903e-01	-1.170786e+00	-8.863361e-01	2.166310e-01	
39  514.201	7.878003e+01	2.283340e+00	1.108615e-01	-1.599896e-01	-1.454144e+00	-9.116477e-01	2.154183e-01	
33  514.127	7.869079e+01	2.305859e+00	1.133474e-01	3.370913e-02	-1.312959e+00	-9.100066e-01	2.202855e-01	
16  515.25	7.905682e+01	2.298103e+00	1.127843e-01	8.715198e-01	-1.411939e+00	-9.350478e-01	2.172252e-01	
8  514.281	7.856726e+01	2.319283e+00	1.148822e-01	9.259452e-01	-9.167900e-01	-8.886738e-01	2.236825e-01	
32  514.37	7.840147e+01	2.297153e+00	1.181465e-01	9.981727e-01	-1.289180e+00	-8.905899e-01	2.295800e-01	
1  514.586	7.854040e+01	2.312075e+00	1.157270e-01	9.636672e-01	-1.184917e+00	-8.856535e-01	2.250881e-01	
7  514.782	7.862264e+01	2.350763e+00	1.129381e-01	1.369507e+00	-1.189447e+00	-9.051901e-01	2.207317e-01	
6  514.883	7.808786e+01	2.339239e+00	1.137579e-01	1.155059e+00	-1.484973e+00	-8.777553e-01	2.249208e-01	
33  514.436	7.884227e+01	2.359885e+00	1.145828e-01	9.636788e-01	-1.650603e+00	-9.201111e-01	2.222963e-01	
4  516.452	7.865990e+01	2.353987e+00	1.152840e-01	8.925039e-01	-1.443087e+00	-9.308988e-01	2.243662e-01	
9  514.272	7.865015e+01	2.347575e+00	1.149256e-01	1.354805e+00	-1.267224e+00	-9.079228e-01	2.237387e-01	
5  517.278	7.816799e+01	2.390154e+00	1.181422e-01	1.130831e+00	-1.018499e+00	-8.456573e-01	2.324685e-01	
16  514.494	7.830389e+01	2.379381e+00	1.141324e-01	2.099156e+00	-1.275712e+00	-8.750518e-01	2.249470e-01	
6  514.925	7.811191e+01	2.363279e+00	1.145543e-01	1.887625e+00	-1.802235e+00	-8.869714e-01	2.264817e-01	
13  515.029	7.832690e+01	2.356122e+00	1.140161e-01	2.825084e+00	-1.845167e+00	-8.887653e-01	2.242461e-01	
6  515.28	7.884526e+01	2.340685e+00	1.094154e-01	3.059823e+00	-1.412877e+00	-9.148933e-01	2.136582e-01	
5  514.296	7.880686e+01	2.302610e+00	1.144098e-01	2.854813e+00	-6.853180e-01	-8.818554e-01	2.212952e-01	
15  517.194	7.884168e+01	2.267357e+00	1.107212e-01	3.151360e+00	-6.049644e-01	-8.302186e-01	2.145987e-01	
19  516.371	7.902793e+01	2.271513e+00	1.110021e-01	3.253168e+00	-7.183742e-01	-8.607375e-01	2.141047e-01	
1  514.378	7.875342e+01	2.289368e+00	1.108804e-01	3.520001e+00	-8.009155e-01	-8.724165e-01	2.156915e-01	
1  514.48	7.897817e+01	2.316004e+00	1.159428e-01	2.997993e+00	-5.464897e-01	-8.778196e-01	2.230086e-01	
3  514.164	7.857970e+01	2.381012e+00	1.158735e-01	2.398430e+00	-7.738196e-01	-8.680737e-01	2.262167e-01	
8  515.687	7.916934e+01	2.396583e+00	1.152263e-01	3.132316e+00	-1.169872e+00	-9.394407e-01	2.220756e-01	
2  518.963	7.956193e+01	2.384395e+00	1.128622e-01	3.033090e+00	-1.101903e+00	-9.656354e-01	2.159620e-01	
3  518.561	7.991970e+01	2.396260e+00	1.150431e-01	3.371196e+00	-1.020628e+00	-9.761563e-01	2.176331e-01	
15  516.687	7.941988e+01	2.387080e+00	1.151263e-01	2.540769e+00	-1.773821e+00	-9.646003e-01	2.203673e-01	
16  515.748	7.943310e+01	2.446990e+00	1.130376e-01	1.839134e+00	-2.096931e+00	-9.578552e-01	2.179333e-01	
12  515.913	7.940550e+01	2.460553e+00	1.138777e-01	1.885344e+00	-1.996328e+00	-9.615744e-01	2.196322e-01	
22  515.038	7.882536e+01	2.467699e+00	1.136735e-01	1.992684e+00	-1.945757e+00	-9.197196e-01	2.226633e-01	
47  514.931	7.824763e+01	2.451046e+00	1.123090e-01	2.547259e+00	-1.837642e+00	-8.864566e-01	2.234629e-01	
5  514.632	7.885388e+01	2.469250e+00	1.105721e-01	2.890955e+00	-2.379487e+00	-9.297850e-01	2.175395e-01	
5  515.86	7.771911e+01	2.483095e+00	1.076643e-01	3.120633e+00	-2.234375e+00	-8.689408e-01	2.193535e-01	
12  516.052	7.774403e+01	2.458596e+00	1.140233e-01	3.746526e+00	-2.461860e+00	-8.766047e-01	2.293285e-01	
2  515.37	7.836355e+01	2.469181e+00	1.151373e-01	4.226337e+00	-2.848683e+00	-9.332875e-01	2.277034e-01	
35  515.556	7.778386e+01	2.460313e+00	1.142180e-01	4.069536e+00	-2.743546e+00	-8.900002e-01	2.294439e-01	
30  515.082	7.808959e+01	2.446587e+00	1.134638e-01	4.230849e+00	-2.849128e+00	-9.011242e-01	2.261889e-01	
7  515.199	7.819726e+01	2.435324e+00	1.101894e-01	3.153123e+00	-3.029010e+00	-9.084246e-01	2.200275e-01	
19  515.436	7.783272e+01	2.457568e+00	1.143350e-01	3.315819e+00	-2.930527e+00	-9.046784e-01	2.293038e-01	
66  516.017	7.768869e+01	2.463672e+00	1.178963e-01	2.292127e+00	-3.461258e+00	-9.158964e-01	2.361565e-01	
11  516.198	7.766608e+01	2.426225e+00	1.200598e-01	2.157055e+00	-2.933400e+00	-9.069733e-01	2.392599e-01	
5  517.183	7.740623e+01	2.445686e+00	1.189109e-01	2.661587e+00	-3.043753e+00	-8.958680e-01	2.392762e-01	
29  515.264	7.790824e+01	2.432322e+00	1.217921e-01	2.383861e+00	-3.225787e+00	-9.281848e-01	2.407293e-01	
19  515.144	7.857786e+01	2.430886e+00	1.247688e-01	3.029307e+00	-3.727039e+00	-9.477980e-01	2.414417e-01	
29  514.354	7.824163e+01	2.448709e+00	1.261626e-01	1.682875e+00	-3.408432e+00	-9.466345e-01	2.460892e-01	
35  515.466	7.797310e+01	2.453063e+00	1.245124e-01	1.954951e+00	-3.252434e+00	-9.395056e-01	2.451445e-01	
7  514.425	7.824359e+01	2.462028e+00	1.248243e-01	1.786110e+00	-3.592015e+00	-9.498974e-01	2.441083e-01	
80  514.37	7.881860e+01	2.430513e+00	1.250171e-01	1.606054e+00	-3.840206e+00	-9.622709e-01	2.403627e-01	
11  514.008	7.893732e+01	2.445544e+00	1.258768e-01	1.069298e+00	-3.885247e+00	-9.722802e-01	2.412611e-01	
31  514.101	7.899818e+01	2.435431e+00	1.258558e-01	5.999069e-01	-3.846606e+00	-9.746043e-01	2.406938e-01	
32  514.718	7.892624e+01	2.438419e+00	1.241964e-01	1.052729e+00	-3.400613e+00	-9.724411e-01	2.385169e-01	
16  514.548	7.918053e+01	2.458876e+00	1.213935e-01	1.064309e+00	-3.278121e+00	-9.700803e-01	2.328430e-01	
21  515.668	7.876991e+01	2.499917e+00	1.215290e-01	1.941734e+00	-2.921472e+00	-9.648414e-01	2.361568e-01	
30  514.24	7.905177e+01	2.456434e+00	1.241814e-01	1.655847e+00	-2.869576e+00	-9.668051e-01	2.380242e-01	
9  514.086	7.865563e+01	2.416128e+00	1.247816e-01	2.125020e+00	-2.596997e+00	-9.446937e-01	2.407467e-01	
107  514.07	7.891893e+01	2.491206e+00	1.255388e-01	1.611459e+00	-2.582577e+00	-9.629977e-01	2.415641e-01	
12  514.869	7.846739e+01	2.480138e+00	1.243846e-01	1.276664e+00	-2.725340e+00	-9.535578e-01	2.422979e-01	
26  514.074	7.848687e+01	2.485852e+00	1.282439e-01	3.808984e-01	-2.517611e+00	-9.463636e-01	2.485352e-01	
1  514.538	7.920131e+01	2.512398e+00	1.251151e-01	1.843832e-01	-2.992140e+00	-9.765259e-01	2.395070e-01	
9  517.568	7.959949e+01	2.479965e+00	1.236778e-01	3.726279e-01	-3.015741e+00	-9.734896e-01	2.343365e-01	
47  516.529	7.971186e+01	2.476548e+00	1.231031e-01	3.193930e-01	-2.617738e+00	-9.805899e-01	2.327180e-01	
3  517.157	7.959215e+01	2.452965e+00	1.218886e-01	-2.724996e-01	-2.637043e+00	-9.702101e-01	2.311291e-01	
20  517.441	7.973705e+01	2.454501e+00	1.234372e-01	6.389739e-01	-2.539816e+00	-9.929700e-01	2.327497e-01	
77  515.924	7.914319e+01	2.487921e+00	1.245389e-01	6.764644e-01	-2.273895e+00	-9.762426e-01	2.385482e-01	
5  514.944	7.907232e+01	2.488318e+00	1.230022e-01	5.602465e-01	-2.223734e+00	-9.676398e-01	2.365246e-01	
43  513.978	7.878105e+01	2.492285e+00	1.209848e-01	1.147116e+00	-1.705755e+00	-9.346277e-01	2.350902e-01	
20  514.287	7.877824e+01	2.471537e+00	1.215875e-01	2.068384e+00	-1.370890e+00	-9.330337e-01	2.357438e-01	
41  515.211	7.794601e+01	2.451833e+00	1.224458e-01	2.425816e+00	-1.542683e+00	-8.821842e-01	2.418932e-01	
6  515.942	7.821183e+01	2.460607e+00	1.218816e-01	1.973604e+00	-1.921843e+00	-9.277942e-01	2.394728e-01	
7  515.407	7.834344e+01	2.465602e+00	1.239203e-01	1.503530e+00	-1.795951e+00	-9.339519e-01	2.420719e-01	
15  514.433	7.822210e+01	2.456559e+00	1.265224e-01	2.115542e+00	-1.972268e+00	-9.245487e-01	2.469285e-01	
5  514.929	7.823990e+01	2.503956e+00	1.301527e-01	2.875701e+00	-1.772665e+00	-9.119024e-01	2.535208e-01	
22  515.64	7.836958e+01	2.494736e+00	1.285771e-01	2.178652e+00	-1.445535e+00	-9.356170e-01	2.499669e-01	
38  514.33	7.826209e+01	2.474565e+00	1.311127e-01	2.335026e+00	-1.410213e+00	-9.191193e-01	2.544644e-01	
26  514.029	7.842806e+01	2.443101e+00	1.313846e-01	2.318631e+00	-1.621625e+00	-9.331490e-01	2.533191e-01	
3  513.99	7.851218e+01	2.419343e+00	1.359948e-01	2.450484e+00	-1.746293e+00	-9.392993e-01	2.598702e-01	
27  513.939	7.880465e+01	2.408539e+00	1.340709e-01	2.530661e+00	-1.203485e+00	-9.507824e-01	2.546729e-01	
3  514.577	7.878892e+01	2.384140e+00	1.339436e-01	2.354554e+00	-1.152800e+00	-9.549622e-01	2.541766e-01	
30  516.063	7.785165e+01	2.388730e+00	1.357472e-01	2.874367e+00	-1.031441e+00	-8.934856e-01	2.633850e-01	
6  515.969	7.926684e+01	2.404423e+00	1.370886e-01	2.659046e+00	-7.842215e-01	-9.467242e-01	2.564489e-01	
2  516.883	7.846949e+01	2.398680e+00	1.371042e-01	2.510085e+00	-9.186655e-01	-9.499757e-01	2.616192e-01	
8  517.625	7.843784e+01	2.393314e+00	1.401326e-01	2.674198e+00	-8.216086e-01	-9.554072e-01	2.666654e-01	
19  515.35	7.795539e+01	2.424873e+00	1.405769e-01	2.056790e+00	-1.179573e+00	-9.133060e-01	2.712267e-01	
21  516.474	7.792313e+01	2.444177e+00	1.415265e-01	2.051787e+00	-1.220118e+00	-8.937237e-01	2.733331e-01	
17  515.622	7.786153e+01	2.413685e+00	1.441316e-01	2.488504e+00	-1.279810e+00	-9.103432e-01	2.775600e-01	
7  518.14	7.739228e+01	2.426566e+00	1.448805e-01	2.558372e+00	-1.158081e+00	-8.779073e-01	2.824014e-01	
4  519.367	7.726309e+01	2.423290e+00	1.441433e-01	2.419800e+00	-8.515697e-01	-8.421386e-01	2.820568e-01	
3  519.268	7.779690e+01	2.481522e+00	1.390711e-01	3.125554e+00	-7.545032e-01	-8.356894e-01	2.707810e-01	
14  515.48	7.795759e+01	2.503024e+00	1.372729e-01	4.404534e+00	-9.305894e-01	-8.963927e-01	2.670609e-01	
7  514.992	7.816797e+01	2.508394e+00	1.364357e-01	4.436615e+00	-9.394093e-01	-9.120844e-01	2.643429e-01	
1  515.823	7.841219e+01	2.496380e+00	1.368896e-01	5.200211e+00	-9.369713e-01	-8.903421e-01	2.632417e-01	
12  516.679	7.758306e+01	2.503660e+00	1.376630e-01	4.887941e+00	-1.140450e+00	-8.653303e-01	2.703042e-01	
9  517.225	7.822352e+01	2.478144e+00	1.379646e-01	5.774009e+00	-1.445984e+00	-9.468891e-01	2.659718e-01	
4  515.577	7.848584e+01	2.460375e+00	1.327008e-01	4.818488e+00	-8.318823e-01	-8.816551e-01	2.553634e-01	
4  516.14	7.859920e+01	2.446347e+00	1.326343e-01	4.177486e+00	-6.963559e-01	-8.791497e-01	2.542927e-01	
2  518.599	7.939757e+01	2.425690e+00	1.336288e-01	4.494745e+00	-8.143703e-01	-9.360127e-01	2.504542e-01	
40  516.901	7.932577e+01	2.430426e+00	1.329601e-01	4.622630e+00	-1.209259e+00	-9.475831e-01	2.499204e-01	
40  515.172	7.952190e+01	2.428559e+00	1.326245e-01	4.888874e+00	-1.072837e+00	-9.816543e-01	2.481289e-01	
