5  881.442	6.752284e+01	2.291200e+00	1.179298e-01	4.230593e-01	-7.132640e-01	-1.206012e-01	3.089086e-01	
1  857.363	6.768565e+01	2.294594e+00	1.177759e-01	1.673227e+00	-7.330449e-01	4.202575e-02	3.071626e-01	
6  856.097	6.804012e+01	2.273255e+00	1.178574e-01	1.136473e+00	-7.747952e-01	1.557186e-02	3.036857e-01	
3  833.724	6.830097e+01	2.272135e+00	1.158489e-01	1.811774e+00	-5.614115e-01	6.475989e-02	2.970410e-01	
6  825.358	6.850253e+01	2.291365e+00	1.150641e-01	1.531150e+00	-4.117486e-01	6.181843e-02	2.940329e-01	
4  807.13	6.870394e+01	2.325231e+00	1.176338e-01	1.642636e+00	-3.948434e-01	1.009105e-02	2.984728e-01	
2  787.756	6.952679e+01	2.341205e+00	1.153349e-01	2.578527e+00	-8.228867e-02	-9.032506e-03	2.870245e-01	
1  760.6	6.905066e+01	2.337433e+00	1.156328e-01	2.673287e+00	-8.192416e-01	-1.267058e-01	2.915423e-01	
4  761.915	6.903838e+01	2.333695e+00	1.210704e-01	2.854172e+00	-7.902264e-01	-1.208098e-01	3.029759e-01	
4  752.357	6.894576e+01	2.372514e+00	1.203805e-01	2.948911e+00	-1.109044e+00	-1.160410e-01	3.031559e-01	
6  750.834	6.920616e+01	2.379848e+00	1.221238e-01	2.188986e+00	-1.068840e+00	-1.326196e-01	3.046716e-01	
2  742.177	6.972894e+01	2.385001e+00	1.200657e-01	2.277647e+00	-8.225278e-01	-9.738744e-02	2.959933e-01	
3  737.113	6.971867e+01	2.408890e+00	1.191271e-01	2.524658e+00	-6.233684e-01	-8.163769e-02	2.946411e-01	
2  690.267	7.006621e+01	2.408929e+00	1.192875e-01	2.923205e+00	-1.240699e+00	-2.645146e-01	2.920528e-01	
3  674.346	7.055882e+01	2.395229e+00	1.165072e-01	2.901388e+00	-1.214513e+00	-2.489563e-01	2.821294e-01	
20  672.686	7.062473e+01	2.380748e+00	1.142781e-01	2.058001e+00	-1.414821e+00	-3.094403e-01	2.768437e-01	
1  655.507	7.102396e+01	2.391177e+00	1.148242e-01	2.089101e+00	-1.642106e+00	-4.769107e-01	2.750294e-01	
7  616.545	7.187291e+01	2.400756e+00	1.136873e-01	2.284836e+00	-1.532046e+00	-4.647788e-01	2.665553e-01	
1  606.309	7.230492e+01	2.399103e+00	1.158511e-01	1.580928e+00	-1.560341e+00	-5.319672e-01	2.674868e-01	
5  602.134	7.254573e+01	2.410264e+00	1.169738e-01	1.159192e+00	-1.514625e+00	-5.629627e-01	2.680593e-01	
17  588.129	7.309882e+01	2.415734e+00	1.156183e-01	1.056340e+00	-1.536953e+00	-5.879951e-01	2.615838e-01	
8  579.244	7.353383e+01	2.386287e+00	1.144526e-01	1.108198e+00	-1.641215e+00	-6.683336e-01	2.557975e-01	
36  578.48	7.361868e+01	2.384179e+00	1.150085e-01	1.231286e-01	-2.070223e+00	-7.333971e-01	2.561950e-01	
4  565.689	7.449706e+01	2.385056e+00	1.209238e-01	8.496152e-01	-2.526125e+00	-8.139595e-01	2.608636e-01	
7  552.121	7.490149e+01	2.409994e+00	1.194062e-01	7.165077e-01	-2.117976e+00	-7.478904e-01	2.557934e-01	
6  535.645	7.600393e+01	2.450509e+00	1.208511e-01	1.169868e+00	-1.948956e+00	-8.398977e-01	2.516295e-01	
3  531.178	7.611556e+01	2.421263e+00	1.235533e-01	4.182413e-02	-1.454335e+00	-7.989399e-01	2.550512e-01	
1  525.18	7.653696e+01	2.432310e+00	1.224275e-01	4.816467e-01	-1.782619e+00	-8.361147e-01	2.505172e-01	
10  526.756	7.661015e+01	2.453940e+00	1.180957e-01	4.094283e-01	-1.515868e+00	-8.423511e-01	2.430266e-01	
18  526.699	7.635076e+01	2.430269e+00	1.141471e-01	7.819725e-01	-1.777373e+00	-8.081881e-01	2.375011e-01	
55  525.904	7.644119e+01	2.409982e+00	1.156778e-01	6.058646e-01	-1.546921e+00	-8.052030e-01	2.392119e-01	
6  519.685	7.722648e+01	2.441388e+00	1.125896e-01	4.090847e-02	-1.879499e+00	-8.589237e-01	2.297201e-01	
64  516.111	7.778384e+01	2.424995e+00	1.150124e-01	8.498576e-02	-1.523553e+00	-8.830786e-01	2.301733e-01	
29  514.609	7.818334e+01	2.408132e+00	1.130693e-01	1.192120e-01	-1.744544e+00	-9.005897e-01	2.243723e-01	
3  514.265	7.833440e+01	2.380651e+00	1.173543e-01	-5.027827e-01	-1.832712e+00	-9.172504e-01	2.300431e-01	
3  514.346	7.829658e+01	2.364479e+00	1.165994e-01	-2.721725e-01	-1.992200e+00	-9.182104e-01	2.287700e-01	
25  515.142	7.863693e+01	2.396221e+00	1.165154e-01	-5.342344e-01	-1.692395e+00	-9.366980e-01	2.271716e-01	
4  515.085	7.839396e+01	2.365518e+00	1.186954e-01	-5.063163e-01	-1.799853e+00	-9.309986e-01	2.316297e-01	
5  515.214	7.898984e+01	2.375617e+00	1.200241e-01	-1.191874e-01	-1.767659e+00	-9.344050e-01	2.304395e-01	
32  514.751	7.900938e+01	2.398169e+00	1.241638e-01	3.779419e-01	-1.818135e+00	-9.435820e-01	2.373182e-01	
35  514.586	7.861742e+01	2.393848e+00	1.256169e-01	8.158112e-01	-2.015729e+00	-9.323434e-01	2.419717e-01	
8  514.774	7.911431e+01	2.433439e+00	1.254355e-01	6.233417e-01	-2.351031e+00	-9.714401e-01	2.392845e-01	
5  516.592	7.779367e+01	2.393966e+00	1.250211e-01	8.399355e-01	-2.458999e+00	-9.088829e-01	2.461406e-01	
40  517.223	7.778716e+01	2.386912e+00	1.204692e-01	-2.367117e-01	-2.145714e+00	-8.992018e-01	2.385426e-01	
25  516.339	7.777107e+01	2.385749e+00	1.228547e-01	-6.635896e-01	-2.102307e+00	-9.087430e-01	2.425661e-01	
13  515.718	7.808244e+01	2.417913e+00	1.201402e-01	-9.714312e-01	-1.885444e+00	-9.251893e-01	2.367107e-01	
18  514.429	7.881234e+01	2.404700e+00	1.229804e-01	-9.130619e-01	-1.742740e+00	-9.359194e-01	2.367063e-01	
54  515.477	7.922256e+01	2.415354e+00	1.213446e-01	-1.040773e+00	-1.692366e+00	-9.664274e-01	2.318247e-01	
10  515.801	7.952674e+01	2.440886e+00	1.216253e-01	-6.683029e-01	-1.595310e+00	-9.732910e-01	2.309022e-01	
3  517.828	7.963863e+01	2.400287e+00	1.217491e-01	-7.692295e-01	-2.317743e+00	-9.895014e-01	2.298089e-01	
54  515.393	7.917036e+01	2.414026e+00	1.229243e-01	-3.444838e-02	-2.045692e+00	-9.512442e-01	2.346296e-01	
17  515.585	7.947201e+01	2.410417e+00	1.247166e-01	1.373138e+00	-2.104548e+00	-9.791485e-01	2.356325e-01	
43  516.944	7.939926e+01	2.420978e+00	1.264427e-01	1.267840e+00	-1.936882e+00	-9.574645e-01	2.389701e-01	
20  514.344	7.909237e+01	2.408207e+00	1.256071e-01	1.987458e+00	-2.105953e+00	-9.630725e-01	2.392881e-01	
20  515.218	7.862950e+01	2.432360e+00	1.258796e-01	1.658716e+00	-2.213753e+00	-9.558455e-01	2.429452e-01	
1  515.857	7.889157e+01	2.453750e+00	1.275306e-01	7.549337e-01	-2.485745e+00	-9.487972e-01	2.443300e-01	
16  516.418	7.856303e+01	2.396810e+00	1.295893e-01	6.247455e-01	-2.604950e+00	-9.395669e-01	2.487908e-01	
4  516.249	7.896509e+01	2.400693e+00	1.307396e-01	1.109758e+00	-2.911805e+00	-9.822686e-01	2.481708e-01	
42  514.466	7.892753e+01	2.406837e+00	1.282960e-01	5.367235e-01	-2.501276e+00	-9.697285e-01	2.445831e-01	
23  514.686	7.925435e+01	2.371958e+00	1.289859e-01	6.732275e-01	-2.358521e+00	-9.775713e-01	2.431131e-01	
19  513.915	7.874526e+01	2.376743e+00	1.252310e-01	7.018562e-01	-2.118021e+00	-9.453605e-01	2.402885e-01	
9  514.851	7.859069e+01	2.364824e+00	1.233976e-01	5.816531e-01	-2.839484e+00	-9.424781e-01	2.380733e-01	
16  516.682	7.911487e+01	2.323522e+00	1.267127e-01	6.809458e-01	-2.643457e+00	-9.807106e-01	2.395654e-01	
34  514.402	7.903620e+01	2.341783e+00	1.279790e-01	1.277921e+00	-2.351803e+00	-9.583092e-01	2.423621e-01	
32  517.898	7.982299e+01	2.349362e+00	1.240658e-01	1.709708e+00	-2.183572e+00	-9.761705e-01	2.315853e-01	
9  516.514	7.893763e+01	2.367315e+00	1.235044e-01	1.558259e+00	-2.183810e+00	-9.673975e-01	2.361964e-01	
11  516	7.919229e+01	2.404368e+00	1.206159e-01	1.118844e+00	-1.642159e+00	-9.642974e-01	2.306649e-01	
18  514.972	7.911108e+01	2.432619e+00	1.176256e-01	3.711773e-01	-1.400147e+00	-9.472949e-01	2.268121e-01	
12  514.066	7.864134e+01	2.390029e+00	1.174707e-01	-5.323653e-02	-1.963735e+00	-9.294003e-01	2.285907e-01	
31  514.836	7.921170e+01	2.378132e+00	1.189477e-01	2.167237e-02	-1.866314e+00	-9.496799e-01	2.274749e-01	
7  514.909	7.876904e+01	2.396891e+00	1.201125e-01	4.584680e-01	-1.903159e+00	-9.480930e-01	2.322185e-01	
15  514.311	7.841487e+01	2.353574e+00	1.222957e-01	-9.858051e-01	-1.759622e+00	-9.225352e-01	2.371670e-01	
172  514.433	7.884640e+01	2.356847e+00	1.233778e-01	-1.008610e+00	-1.799114e+00	-9.531962e-01	2.363713e-01	
23  514.458	7.832781e+01	2.360962e+00	1.225396e-01	-1.029954e+00	-2.217904e+00	-9.313087e-01	2.382125e-01	
4  516.179	7.780983e+01	2.347353e+00	1.262453e-01	-3.045932e-01	-2.967434e+00	-9.380980e-01	2.472905e-01	
16  515.886	7.782733e+01	2.349867e+00	1.261708e-01	-7.688501e-01	-2.796826e+00	-9.325009e-01	2.470979e-01	
2  514.89	7.806126e+01	2.300063e+00	1.197589e-01	-8.457373e-02	-3.238309e+00	-9.379188e-01	2.342793e-01	
33  514.604	7.900755e+01	2.314255e+00	1.218107e-01	1.602102e-01	-3.002566e+00	-9.678491e-01	2.322152e-01	
7  513.967	7.857668e+01	2.298256e+00	1.233774e-01	3.311149e-01	-2.887784e+00	-9.513532e-01	2.370473e-01	
35  514.273	7.897612e+01	2.314114e+00	1.207319e-01	-3.832838e-01	-2.727362e+00	-9.620144e-01	2.306682e-01	
3  516.701	7.967478e+01	2.325466e+00	1.178700e-01	-8.208322e-02	-3.223883e+00	-9.760691e-01	2.223111e-01	
31  516.793	7.964603e+01	2.292636e+00	1.176979e-01	-1.471604e-01	-2.985724e+00	-9.815972e-01	2.216828e-01	
7  516.557	7.872814e+01	2.300256e+00	1.162852e-01	-3.221869e-01	-2.761247e+00	-9.594282e-01	2.247259e-01	
6  516.105	7.849614e+01	2.316236e+00	1.153999e-01	2.373055e-01	-2.743475e+00	-9.264080e-01	2.248787e-01	
4  518.111	7.781522e+01	2.334257e+00	1.177776e-01	-6.070821e-01	-3.116415e+00	-9.203317e-01	2.330558e-01	
2  517.898	7.868539e+01	2.318995e+00	1.160753e-01	9.444583e-02	-3.146193e+00	-9.639738e-01	2.249337e-01	
6  520.095	7.866383e+01	2.307927e+00	1.172669e-01	-5.974549e-01	-3.707886e+00	-9.433769e-01	2.268038e-01	
4  518.29	7.881713e+01	2.285772e+00	1.178153e-01	-8.462369e-01	-3.278144e+00	-9.453015e-01	2.264486e-01	
84  514.515	7.893499e+01	2.252235e+00	1.180390e-01	-5.165757e-01	-3.589237e+00	-9.595118e-01	2.255937e-01	
17  514.579	7.869905e+01	2.260165e+00	1.197283e-01	-7.974442e-01	-3.567977e+00	-9.643091e-01	2.298038e-01	
36  514.115	7.880888e+01	2.226305e+00	1.232520e-01	-8.327641e-01	-3.920982e+00	-9.697823e-01	2.342921e-01	
47  514.189	7.854929e+01	2.207538e+00	1.259301e-01	4.902789e-01	-4.087704e+00	-9.651492e-01	2.398797e-01	
11  515.435	7.874092e+01	2.231878e+00	1.250852e-01	6.515783e-01	-3.810451e+00	-9.719956e-01	2.377433e-01	
38  514.329	7.859180e+01	2.243919e+00	1.235964e-01	1.857694e-02	-3.967689e+00	-9.653134e-01	2.364308e-01	
37  515.386	7.947272e+01	2.256650e+00	1.241476e-01	-4.070337e-01	-3.979025e+00	-9.838888e-01	2.322928e-01	
18  514.978	7.838404e+01	2.251536e+00	1.256315e-01	2.935166e-01	-4.262318e+00	-9.654689e-01	2.411222e-01	
18  514.071	7.844302e+01	2.239363e+00	1.233651e-01	-2.107123e-02	-4.429408e+00	-9.619638e-01	2.368787e-01	
8  514.61	7.823952e+01	2.262220e+00	1.222593e-01	-2.373177e-01	-4.934672e+00	-9.628263e-01	2.366795e-01	
33  514.08	7.857873e+01	2.254613e+00	1.232453e-01	7.788296e-02	-4.497418e+00	-9.666187e-01	2.361141e-01	
127  514.408	7.906797e+01	2.232127e+00	1.220528e-01	-1.660131e-01	-5.045858e+00	-9.781577e-01	2.309341e-01	
2  515.653	7.936481e+01	2.241167e+00	1.237584e-01	4.542010e-02	-5.135711e+00	-9.871665e-01	2.320611e-01	
83  515.029	7.938080e+01	2.232488e+00	1.251129e-01	6.421842e-01	-4.956506e+00	-9.835782e-01	2.339795e-01	
