23  1e+30	7.425339e+01	2.226057e+00	8.999232e-05	8.999851e-10	1.000047e+04	1.000000e+09	9.473809e-01	1.000000e+00	
12  2327.82	7.436320e+01	2.217544e+00	8.994818e-05	8.999865e-10	9.999067e+03	1.000000e+09	1.775191e+00	3.038717e-01	
4  2305.16	7.639855e+01	2.198493e+00	9.000514e-05	8.999832e-10	9.998685e+03	1.000000e+09	2.186965e+00	3.014371e-01	
8  1798.95	7.681495e+01	2.201783e+00	8.986752e-05	8.999699e-10	9.999326e+03	1.000000e+09	1.975306e+00	3.010856e-01	
1  1517.87	7.824652e+01	2.213881e+00	8.992764e-05	8.999623e-10	9.998705e+03	1.000000e+09	2.078722e+00	2.999303e-01	
1  1102.68	7.924646e+01	2.223445e+00	9.007414e-05	8.999663e-10	9.998247e+03	1.000000e+09	1.941614e+00	2.991758e-01	
4  765.093	8.021619e+01	2.223446e+00	9.002550e-05	8.999701e-10	9.998105e+03	1.000000e+09	1.757519e+00	2.983250e-01	
2  668.483	8.135483e+01	2.250827e+00	8.995300e-05	8.999736e-10	9.998270e+03	1.000000e+09	1.803363e+00	2.977782e-01	
19  607.005	8.187476e+01	2.274809e+00	9.001678e-05	8.999739e-10	9.999385e+03	1.000000e+09	1.762559e+00	2.977054e-01	
74  560.306	8.331360e+01	2.302381e+00	9.013349e-05	8.999841e-10	1.000045e+04	1.000000e+09	1.790879e+00	2.969407e-01	
61  559.643	8.315933e+01	2.286642e+00	8.999795e-05	8.999785e-10	1.000077e+04	1.000000e+09	1.772510e+00	2.968362e-01	
136  558.17	8.319170e+01	2.264668e+00	8.992320e-05	8.999880e-10	9.999909e+03	1.000000e+09	1.764851e+00	2.964930e-01	
664  554.224	8.347468e+01	2.290609e+00	8.992395e-05	8.999988e-10	9.999797e+03	1.000000e+09	1.747395e+00	2.966438e-01	
336  557.655	8.346959e+01	2.312654e+00	8.999951e-05	9.000072e-10	1.000044e+04	1.000000e+09	1.783265e+00	2.969642e-01	
89  555.83	8.334772e+01	2.301400e+00	8.999928e-05	8.999921e-10	1.000101e+04	1.000000e+09	1.761366e+00	2.968994e-01	
353  553.923	8.343621e+01	2.322309e+00	8.993375e-05	8.999929e-10	1.000151e+04	1.000000e+09	1.746821e+00	2.971295e-01	
88  555.588	8.371847e+01	2.308403e+00	8.992406e-05	8.999845e-10	1.000215e+04	1.000000e+09	1.746634e+00	2.967065e-01	
305  554.887	8.362554e+01	2.303342e+00	8.996888e-05	8.999734e-10	1.000198e+04	1.000000e+09	1.749097e+00	2.967074e-01	
271  554.867	8.364801e+01	2.285011e+00	8.998490e-05	8.999712e-10	1.000263e+04	1.000000e+09	1.742875e+00	2.964277e-01	
3  555.266	8.363730e+01	2.260566e+00	8.994521e-05	8.999802e-10	1.000272e+04	1.000000e+09	1.750720e+00	2.960866e-01	
55  556.119	8.355021e+01	2.231246e+00	9.004741e-05	8.999910e-10	1.000442e+04	1.000000e+09	1.764280e+00	2.957340e-01	
193  556.216	8.372698e+01	2.229241e+00	9.010458e-05	8.999860e-10	1.000366e+04	1.000000e+09	1.753114e+00	2.955706e-01	
28  556.212	8.324286e+01	2.237956e+00	9.018871e-05	9.000004e-10	1.000282e+04	1.000000e+09	1.753536e+00	2.960673e-01	
38  554.841	8.352279e+01	2.202518e+00	9.035712e-05	8.999933e-10	1.000285e+04	1.000000e+09	1.746714e+00	2.953432e-01	
143  555.099	8.333456e+01	2.221546e+00	9.033770e-05	8.999801e-10	1.000193e+04	1.000000e+09	1.748540e+00	2.957600e-01	
175  554.542	8.354467e+01	2.219504e+00	9.028052e-05	8.999843e-10	1.000138e+04	1.000000e+09	1.742965e+00	2.955700e-01	
286  554.608	8.350198e+01	2.235988e+00	9.038479e-05	8.999771e-10	1.000223e+04	1.000000e+09	1.747104e+00	2.958390e-01	
383  554.981	8.352741e+01	2.242158e+00	9.043730e-05	8.999706e-10	1.000319e+04	1.000000e+09	1.751781e+00	2.959079e-01	
32  554.749	8.351107e+01	2.265126e+00	9.055280e-05	8.999722e-10	1.000380e+04	1.000000e+09	1.751137e+00	2.962498e-01	
11  557.509	8.328612e+01	2.243397e+00	9.049837e-05	8.999659e-10	1.000472e+04	1.000000e+09	1.766085e+00	2.961122e-01	
24  558.643	8.387629e+01	2.249232e+00	9.052153e-05	8.999583e-10	1.000505e+04	1.000000e+09	1.782455e+00	2.957416e-01	
141  555.731	8.335648e+01	2.238638e+00	9.063767e-05	8.999603e-10	1.000467e+04	1.000000e+09	1.756215e+00	2.959892e-01	
456  554.48	8.355885e+01	2.235310e+00	9.062784e-05	8.999687e-10	1.000533e+04	1.000000e+09	1.742385e+00	2.957856e-01	
49  556.777	8.314444e+01	2.223318e+00	9.049003e-05	8.999652e-10	1.000701e+04	1.000000e+09	1.749253e+00	2.959321e-01	
68  555.601	8.369194e+01	2.205430e+00	9.049072e-05	8.999767e-10	1.000834e+04	1.000000e+09	1.742704e+00	2.952573e-01	
1252  554.819	8.349916e+01	2.199037e+00	9.052517e-05	8.999845e-10	1.000894e+04	1.000000e+09	1.746713e+00	2.953111e-01	
226  554.984	8.331065e+01	2.195923e+00	9.063119e-05	8.999898e-10	1.000917e+04	1.000000e+09	1.744581e+00	2.954092e-01	
47  556.135	8.364758e+01	2.217904e+00	9.062639e-05	8.999961e-10	1.000889e+04	1.000000e+09	1.760484e+00	2.954690e-01	
10  556.159	8.331792e+01	2.202382e+00	9.062655e-05	8.999965e-10	1.000990e+04	1.000000e+09	1.755056e+00	2.954967e-01	
36  556.704	8.320844e+01	2.199958e+00	9.067274e-05	8.999989e-10	1.000933e+04	1.000000e+09	1.751888e+00	2.955452e-01	
450  556.377	8.366831e+01	2.198552e+00	9.090392e-05	8.999860e-10	1.001103e+04	1.000000e+09	1.761017e+00	2.951768e-01	
103  556.277	8.357725e+01	2.186273e+00	9.097898e-05	8.999787e-10	1.001126e+04	1.000000e+09	1.762196e+00	2.950695e-01	
15  555.557	8.365516e+01	2.174287e+00	9.091578e-05	8.999820e-10	1.001216e+04	1.000000e+09	1.745487e+00	2.948399e-01	
484  554.776	8.338053e+01	2.198801e+00	9.095645e-05	8.999885e-10	1.001198e+04	1.000000e+09	1.745413e+00	2.953976e-01	
241  556.613	8.374503e+01	2.221709e+00	9.084978e-05	8.999822e-10	1.001132e+04	1.000000e+09	1.758130e+00	2.954495e-01	
10  555.397	8.347682e+01	2.214239e+00	9.087796e-05	8.999751e-10	1.001155e+04	1.000000e+09	1.754675e+00	2.955462e-01	
64  559.654	8.308368e+01	2.203312e+00	9.083300e-05	8.999812e-10	1.001252e+04	1.000000e+09	1.759825e+00	2.956893e-01	
33  555.41	8.356908e+01	2.214324e+00	9.079731e-05	8.999860e-10	1.001208e+04	1.000000e+09	1.753754e+00	2.954773e-01	
127  554.968	8.341316e+01	2.206317e+00	9.080501e-05	8.999837e-10	1.001289e+04	1.000000e+09	1.748657e+00	2.954808e-01	
629  554.91	8.344468e+01	2.153740e+00	9.076803e-05	8.999747e-10	1.001360e+04	1.000000e+09	1.744326e+00	2.947018e-01	
499  557.434	8.340722e+01	2.152824e+00	9.066969e-05	8.999936e-10	1.001490e+04	1.000000e+09	1.766223e+00	2.947164e-01	
51  556.455	8.321345e+01	2.176966e+00	9.068113e-05	8.999881e-10	1.001582e+04	1.000000e+09	1.748857e+00	2.952094e-01	
68  556.559	8.349099e+01	2.166304e+00	9.067472e-05	8.999795e-10	1.001666e+04	1.000000e+09	1.762906e+00	2.948477e-01	
31  556.874	8.353245e+01	2.183012e+00	9.063933e-05	8.999840e-10	1.001594e+04	1.000000e+09	1.768238e+00	2.950563e-01	
151  556.818	8.372751e+01	2.200003e+00	9.059350e-05	8.999830e-10	1.001544e+04	1.000000e+09	1.762943e+00	2.951531e-01	
51  554.671	8.347133e+01	2.213490e+00	9.068440e-05	8.999997e-10	1.001517e+04	1.000000e+09	1.746475e+00	2.955396e-01	
474  554.701	8.335472e+01	2.202521e+00	9.076661e-05	8.999988e-10	1.001513e+04	1.000000e+09	1.744244e+00	2.954707e-01	
404  554.831	8.354521e+01	2.196046e+00	9.063656e-05	9.000080e-10	1.001414e+04	1.000000e+09	1.745122e+00	2.952335e-01	
81  559.523	8.389194e+01	2.222655e+00	9.067605e-05	9.000027e-10	1.001440e+04	1.000000e+09	1.795255e+00	2.953521e-01	
35  559.088	8.289652e+01	2.246862e+00	9.059328e-05	8.999939e-10	1.001373e+04	1.000000e+09	1.741699e+00	2.964673e-01	
7  559.914	8.382446e+01	2.225178e+00	9.060332e-05	8.999892e-10	1.001528e+04	1.000000e+09	1.805421e+00	2.954388e-01	
2  557.167	8.379875e+01	2.244846e+00	9.070508e-05	8.999985e-10	1.001471e+04	1.000000e+09	1.762360e+00	2.957384e-01	
123  555.73	8.307728e+01	2.281415e+00	9.075118e-05	8.999851e-10	1.001371e+04	1.000000e+09	1.741321e+00	2.968259e-01	
54  556.056	8.347953e+01	2.308468e+00	9.061345e-05	8.999910e-10	1.001302e+04	1.000000e+09	1.768943e+00	2.968963e-01	
79  555.027	8.337294e+01	2.335148e+00	9.065497e-05	8.999958e-10	1.001158e+04	1.000000e+09	1.758059e+00	2.973648e-01	
507  553.358	8.331985e+01	2.347888e+00	9.057308e-05	9.000031e-10	1.001205e+04	1.000000e+09	1.741552e+00	2.975912e-01	
114  553.688	8.336857e+01	2.381224e+00	9.069586e-05	9.000058e-10	1.001202e+04	1.000000e+09	1.748525e+00	2.980313e-01	
44  555.707	8.313970e+01	2.383542e+00	9.079461e-05	9.000090e-10	1.001236e+04	1.000000e+09	1.753239e+00	2.982537e-01	
234  555.913	8.369603e+01	2.385825e+00	9.071098e-05	9.000128e-10	1.001327e+04	1.000000e+09	1.768065e+00	2.978294e-01	
12  555.717	8.307156e+01	2.412413e+00	9.082319e-05	9.000142e-10	1.001108e+04	1.000000e+09	1.750026e+00	2.987287e-01	
105  555.589	8.313874e+01	2.419829e+00	9.077648e-05	9.000051e-10	1.001145e+04	1.000000e+09	1.754967e+00	2.987795e-01	
308  553.467	8.334440e+01	2.425008e+00	9.069905e-05	8.999978e-10	1.001108e+04	1.000000e+09	1.749217e+00	2.986815e-01	
258  553.922	8.349032e+01	2.423150e+00	9.084992e-05	9.000067e-10	1.001113e+04	1.000000e+09	1.754302e+00	2.985329e-01	
45  553.617	8.316695e+01	2.433257e+00	9.080695e-05	9.000061e-10	1.001112e+04	1.000000e+09	1.743541e+00	2.989499e-01	
4  554.388	8.363870e+01	2.443413e+00	9.082321e-05	9.000133e-10	1.001070e+04	1.000000e+09	1.750253e+00	2.986994e-01	
368  553.581	8.341613e+01	2.406353e+00	9.069559e-05	9.000188e-10	1.001001e+04	1.000000e+09	1.749748e+00	2.983534e-01	
51  556.641	8.348268e+01	2.431185e+00	9.077448e-05	9.000141e-10	1.001008e+04	1.000000e+09	1.784161e+00	2.986546e-01	
32  557.201	8.383188e+01	2.411404e+00	9.076568e-05	9.000324e-10	1.000923e+04	1.000000e+09	1.773750e+00	2.980831e-01	
78  555.985	8.337304e+01	2.444176e+00	9.070406e-05	9.000347e-10	1.000920e+04	1.000000e+09	1.774681e+00	2.989333e-01	
122  552.523	8.330767e+01	2.455228e+00	9.070467e-05	9.000428e-10	1.001040e+04	1.000000e+09	1.741124e+00	2.991477e-01	
10  554.539	8.352557e+01	2.422938e+00	9.060221e-05	9.000355e-10	1.001055e+04	1.000000e+09	1.761442e+00	2.985006e-01	
46  554.666	8.367395e+01	2.444476e+00	9.071447e-05	9.000364e-10	1.001086e+04	1.000000e+09	1.748721e+00	2.986851e-01	
25  555.682	8.376374e+01	2.476562e+00	9.072673e-05	9.000389e-10	1.000967e+04	1.000000e+09	1.751297e+00	2.990676e-01	
38  554.564	8.363822e+01	2.500075e+00	9.070839e-05	9.000285e-10	1.000841e+04	1.000000e+09	1.760397e+00	2.995097e-01	
24  554.047	8.302221e+01	2.512689e+00	9.078996e-05	9.000204e-10	1.000840e+04	1.000000e+09	1.742265e+00	3.002251e-01	
380  552.414	8.339396e+01	2.528743e+00	9.083877e-05	9.000213e-10	1.001036e+04	1.000000e+09	1.745784e+00	3.001316e-01	
711  553.25	8.337905e+01	2.518161e+00	9.094334e-05	9.000207e-10	1.001039e+04	1.000000e+09	1.754852e+00	2.999924e-01	
464  552.56	8.340991e+01	2.508286e+00	9.100612e-05	9.000284e-10	1.001013e+04	1.000000e+09	1.745621e+00	2.998237e-01	
186  552.847	8.327082e+01	2.488669e+00	9.093549e-05	9.000262e-10	1.001040e+04	1.000000e+09	1.746009e+00	2.996613e-01	
62  553.065	8.329721e+01	2.499788e+00	9.092157e-05	9.000365e-10	1.000974e+04	1.000000e+09	1.749787e+00	2.997988e-01	
84  554.801	8.356166e+01	2.465507e+00	9.103766e-05	9.000293e-10	1.000956e+04	1.000000e+09	1.767478e+00	2.990802e-01	
2  553.239	8.346206e+01	2.463357e+00	9.114889e-05	9.000330e-10	1.000960e+04	1.000000e+09	1.749397e+00	2.991337e-01	
60  553.865	8.321821e+01	2.495839e+00	9.113971e-05	9.000270e-10	1.000886e+04	1.000000e+09	1.753033e+00	2.998102e-01	
337  553.472	8.310514e+01	2.478446e+00	9.109703e-05	9.000205e-10	1.000787e+04	1.000000e+09	1.741835e+00	2.996566e-01	
3  553.522	8.355746e+01	2.456902e+00	9.116885e-05	9.000261e-10	1.000748e+04	1.000000e+09	1.746226e+00	2.989605e-01	
63  553.59	8.346525e+01	2.428386e+00	9.118399e-05	9.000390e-10	1.000820e+04	1.000000e+09	1.751049e+00	2.986290e-01	
836  553.476	8.326130e+01	2.420062e+00	9.108281e-05	9.000471e-10	1.000745e+04	1.000000e+09	1.746206e+00	2.986799e-01	
43  554.203	8.362447e+01	2.427859e+00	9.112331e-05	9.000423e-10	1.000807e+04	1.000000e+09	1.746969e+00	2.984888e-01	
604  553.458	8.356537e+01	2.431483e+00	9.114130e-05	9.000363e-10	1.000938e+04	1.000000e+09	1.741088e+00	2.985898e-01	
211  556.454	8.361594e+01	2.423526e+00	9.132373e-05	9.000488e-10	1.000993e+04	1.000000e+09	1.783781e+00	2.984339e-01	
199  556.314	8.349337e+01	2.428458e+00	9.122325e-05	9.000423e-10	1.001047e+04	1.000000e+09	1.781259e+00	2.986065e-01	
1  555.94	8.362745e+01	2.429376e+00	9.115731e-05	9.000471e-10	1.001042e+04	1.000000e+09	1.777485e+00	2.985080e-01	
31  555.904	8.371577e+01	2.411374e+00	9.116150e-05	9.000411e-10	1.001010e+04	1.000000e+09	1.767618e+00	2.981779e-01	
24  557.549	8.355572e+01	2.412653e+00	9.117571e-05	9.000166e-10	1.001165e+04	1.000000e+09	1.793569e+00	2.983282e-01	
154  555.313	8.343019e+01	2.418071e+00	9.114745e-05	9.000023e-10	1.001008e+04	1.000000e+09	1.769030e+00	2.985101e-01	
8  555.541	8.308977e+01	2.457473e+00	9.124524e-05	8.999986e-10	1.000972e+04	1.000000e+09	1.753539e+00	2.993660e-01	
128  556.636	8.344104e+01	2.440113e+00	9.131699e-05	9.000007e-10	1.000971e+04	1.000000e+09	1.783099e+00	2.988176e-01	
13  555.623	8.371835e+01	2.429576e+00	9.140328e-05	9.000069e-10	1.000940e+04	1.000000e+09	1.762395e+00	2.984355e-01	
75  554.462	8.331298e+01	2.427439e+00	9.147410e-05	9.000115e-10	1.000927e+04	1.000000e+09	1.757646e+00	2.987429e-01	
214  554.289	8.326725e+01	2.437809e+00	9.160218e-05	9.000016e-10	1.000894e+04	1.000000e+09	1.754794e+00	2.989309e-01	
220  555.938	8.377747e+01	2.446809e+00	9.167768e-05	9.000067e-10	1.001006e+04	1.000000e+09	1.750101e+00	2.986321e-01	
31  557.708	8.317764e+01	2.451805e+00	9.158795e-05	9.000098e-10	1.001073e+04	1.000000e+09	1.774153e+00	2.992089e-01	
42  558.013	8.381948e+01	2.465505e+00	9.159079e-05	9.000268e-10	1.000976e+04	1.000000e+09	1.800240e+00	2.988633e-01	
197  556.835	8.294011e+01	2.450980e+00	9.164380e-05	9.000300e-10	1.000978e+04	1.000000e+09	1.747830e+00	2.994002e-01	
123  556.475	8.289370e+01	2.454597e+00	9.153767e-05	9.000358e-10	1.001047e+04	1.000000e+09	1.741670e+00	2.994928e-01	
104  557.026	8.335971e+01	2.443580e+00	9.169380e-05	9.000254e-10	1.001120e+04	1.000000e+09	1.782144e+00	2.989359e-01	
18  557.571	8.385669e+01	2.411045e+00	9.177470e-05	9.000234e-10	1.001110e+04	1.000000e+09	1.777174e+00	2.980577e-01	
8  557.938	8.311170e+01	2.423114e+00	9.168604e-05	9.000329e-10	1.001025e+04	1.000000e+09	1.767902e+00	2.988498e-01	
46  556.82	8.371242e+01	2.410825e+00	9.174002e-05	9.000278e-10	1.000945e+04	1.000000e+09	1.784307e+00	2.981728e-01	
27  556.998	8.383419e+01	2.407968e+00	9.169942e-05	9.000269e-10	1.000908e+04	1.000000e+09	1.763535e+00	2.980323e-01	
34  558.642	8.362363e+01	2.390923e+00	9.172174e-05	9.000269e-10	1.000758e+04	1.000000e+09	1.804176e+00	2.979613e-01	
92  554.8	8.316596e+01	2.347010e+00	9.175790e-05	9.000349e-10	1.000808e+04	1.000000e+09	1.746127e+00	2.977038e-01	
80  556.267	8.320588e+01	2.354853e+00	9.164823e-05	9.000348e-10	1.000793e+04	1.000000e+09	1.759873e+00	2.977845e-01	
236  555.735	8.326383e+01	2.346573e+00	9.155046e-05	9.000278e-10	1.000881e+04	1.000000e+09	1.759294e+00	2.976178e-01	
185  554.775	8.336103e+01	2.319811e+00	9.159111e-05	9.000289e-10	1.000776e+04	1.000000e+09	1.754144e+00	2.971537e-01	
57  554.605	8.321967e+01	2.299033e+00	9.158512e-05	9.000292e-10	1.000689e+04	1.000000e+09	1.744499e+00	2.969672e-01	
18  557.811	8.306793e+01	2.270173e+00	9.176570e-05	9.000396e-10	1.000791e+04	1.000000e+09	1.752547e+00	2.966704e-01	
11  558.807	8.337671e+01	2.294748e+00	9.180298e-05	9.000499e-10	1.000630e+04	1.000000e+09	1.785207e+00	2.967807e-01	
10  556.316	8.336512e+01	2.291792e+00	9.172686e-05	9.000414e-10	1.000829e+04	1.000000e+09	1.765502e+00	2.967473e-01	
111  554.01	8.349248e+01	2.292077e+00	9.178425e-05	9.000458e-10	1.000698e+04	1.000000e+09	1.744218e+00	2.966509e-01	
173  554.649	8.348544e+01	2.284230e+00	9.187215e-05	9.000509e-10	1.000759e+04	1.000000e+09	1.751909e+00	2.965438e-01	
121  553.85	8.339474e+01	2.309220e+00	9.187665e-05	9.000591e-10	1.000883e+04	1.000000e+09	1.744872e+00	2.969745e-01	
1453  554.567	8.338496e+01	2.286252e+00	9.186461e-05	9.000705e-10	1.001013e+04	1.000000e+09	1.750291e+00	2.966519e-01	
308  554.833	8.362649e+01	2.280968e+00	9.183037e-05	9.000893e-10	1.000921e+04	1.000000e+09	1.745610e+00	2.963867e-01	
80  554.711	8.358131e+01	2.256617e+00	9.186504e-05	9.000890e-10	1.000951e+04	1.000000e+09	1.746287e+00	2.960734e-01	
768  554.156	8.347093e+01	2.236954e+00	9.201327e-05	9.000905e-10	1.001120e+04	1.000000e+09	1.742130e+00	2.958767e-01	
20  554.383	8.347911e+01	2.211538e+00	9.206206e-05	9.000905e-10	1.001110e+04	1.000000e+09	1.742700e+00	2.955057e-01	
254  555.805	8.354958e+01	2.238796e+00	9.206183e-05	9.001063e-10	1.000939e+04	1.000000e+09	1.761272e+00	2.958427e-01	
241  555.603	8.352300e+01	2.245355e+00	9.224570e-05	9.001075e-10	1.000650e+04	1.000000e+09	1.759629e+00	2.959571e-01	
72  556.059	8.357968e+01	2.163533e+00	9.208629e-05	9.001213e-10	1.000656e+04	1.000000e+09	1.757566e+00	2.947422e-01	
61  555.931	8.356439e+01	2.146719e+00	9.202686e-05	9.001361e-10	1.000755e+04	1.000000e+09	1.754880e+00	2.945127e-01	
17  555.059	8.333726e+01	2.133821e+00	9.194126e-05	9.001456e-10	1.000880e+04	1.000000e+09	1.741641e+00	2.944948e-01	
73  554.635	8.349233e+01	2.153597e+00	9.188474e-05	9.001447e-10	1.000945e+04	1.000000e+09	1.740745e+00	2.946645e-01	
20  560.051	8.379132e+01	2.156434e+00	9.204059e-05	9.001537e-10	1.000980e+04	1.000000e+09	1.801638e+00	2.944848e-01	
10  558.414	8.346760e+01	2.152880e+00	9.193989e-05	9.001524e-10	1.000908e+04	1.000000e+09	1.777170e+00	2.946725e-01	
31  557.803	8.370786e+01	2.145981e+00	9.207784e-05	9.001492e-10	1.000783e+04	1.000000e+09	1.774816e+00	2.943969e-01	
120  558.455	8.388719e+01	2.169538e+00	9.198079e-05	9.001539e-10	1.000762e+04	1.000000e+09	1.763233e+00	2.946008e-01	
68  559.029	8.302601e+01	2.173011e+00	9.200355e-05	9.001548e-10	1.000657e+04	1.000000e+09	1.748890e+00	2.952941e-01	
337  555.034	8.351377e+01	2.160398e+00	9.199648e-05	9.001539e-10	1.000523e+04	1.000000e+09	1.745871e+00	2.947461e-01	
121  554.729	8.345486e+01	2.139116e+00	9.216769e-05	9.001550e-10	1.000579e+04	1.000000e+09	1.741160e+00	2.944843e-01	
55  558.103	8.380604e+01	2.114147e+00	9.212707e-05	9.001678e-10	1.000586e+04	1.000000e+09	1.768571e+00	2.938719e-01	
5  558.351	8.308085e+01	2.107935e+00	9.204320e-05	9.001770e-10	1.000643e+04	1.000000e+09	1.745499e+00	2.943097e-01	
101  558.849	8.361597e+01	2.076818e+00	9.199837e-05	9.001909e-10	1.000587e+04	1.000000e+09	1.780863e+00	2.934750e-01	
138  558.211	8.356521e+01	2.059471e+00	9.220932e-05	9.001863e-10	1.000581e+04	1.000000e+09	1.772135e+00	2.932627e-01	
8  558.681	8.381578e+01	2.053947e+00	9.227814e-05	9.001877e-10	1.000517e+04	1.000000e+09	1.772166e+00	2.930080e-01	
75  559.391	8.366909e+01	2.080883e+00	9.235439e-05	9.001921e-10	1.000521e+04	1.000000e+09	1.787586e+00	2.934954e-01	
5  557.761	8.369778e+01	2.072453e+00	9.244615e-05	9.001958e-10	1.000533e+04	1.000000e+09	1.768175e+00	2.933547e-01	
84  557.321	8.313991e+01	2.058882e+00	9.252397e-05	9.001963e-10	1.000534e+04	1.000000e+09	1.740721e+00	2.935567e-01	
2  559.362	8.300703e+01	2.091179e+00	9.239366e-05	9.002064e-10	1.000623e+04	1.000000e+09	1.743261e+00	2.941209e-01	
51  558.907	8.325327e+01	2.097705e+00	9.230365e-05	9.001948e-10	1.000661e+04	1.000000e+09	1.762457e+00	2.940357e-01	
13  559.011	8.370558e+01	2.064675e+00	9.227005e-05	9.001995e-10	1.000605e+04	1.000000e+09	1.782597e+00	2.932381e-01	
3  556.872	8.345798e+01	2.034499e+00	9.236932e-05	9.002048e-10	1.000658e+04	1.000000e+09	1.754603e+00	2.929800e-01	
7  561.645	8.407213e+01	2.044209e+00	9.246097e-05	9.001965e-10	1.000552e+04	1.000000e+09	1.753072e+00	2.926922e-01	
25  558.723	8.360109e+01	2.054527e+00	9.256732e-05	9.001832e-10	1.000534e+04	1.000000e+09	1.777518e+00	2.931667e-01	
114  557.605	8.350323e+01	2.046889e+00	9.254414e-05	9.001792e-10	1.000579e+04	1.000000e+09	1.763697e+00	2.931260e-01	
120  555.52	8.358590e+01	2.067154e+00	9.264275e-05	9.001730e-10	1.000540e+04	1.000000e+09	1.741558e+00	2.933581e-01	
1677  555.487	8.329855e+01	2.084658e+00	9.270209e-05	9.001781e-10	1.000559e+04	1.000000e+09	1.739896e+00	2.938148e-01	
20  556.615	8.349623e+01	2.114444e+00	9.278280e-05	9.001752e-10	1.000528e+04	1.000000e+09	1.759489e+00	2.941000e-01	
118  557.185	8.344496e+01	2.123732e+00	9.292121e-05	9.001783e-10	1.000545e+04	1.000000e+09	1.763733e+00	2.942706e-01	
480  556.608	8.340283e+01	2.107475e+00	9.305068e-05	9.001804e-10	1.000542e+04	1.000000e+09	1.755776e+00	2.940678e-01	
39  556.97	8.314996e+01	2.093639e+00	9.309688e-05	9.001902e-10	1.000550e+04	1.000000e+09	1.741714e+00	2.940522e-01	
33  556.796	8.335151e+01	2.104903e+00	9.308291e-05	9.002018e-10	1.000498e+04	1.000000e+09	1.754635e+00	2.940680e-01	
170  555.445	8.354825e+01	2.077506e+00	9.306025e-05	9.002008e-10	1.000484e+04	1.000000e+09	1.743192e+00	2.935330e-01	
107  556.829	8.334333e+01	2.076127e+00	9.302068e-05	9.002052e-10	1.000424e+04	1.000000e+09	1.752305e+00	2.936597e-01	
311  556.57	8.371157e+01	2.049477e+00	9.306970e-05	9.002136e-10	1.000402e+04	1.000000e+09	1.744987e+00	2.930170e-01	
3  556.599	8.369524e+01	2.031936e+00	9.303117e-05	9.002156e-10	1.000340e+04	1.000000e+09	1.746265e+00	2.927780e-01	
384  556.952	8.333200e+01	2.043805e+00	9.285496e-05	9.001966e-10	1.000293e+04	1.000000e+09	1.750233e+00	2.932024e-01	
124  555.825	8.352145e+01	2.031600e+00	9.291226e-05	9.001959e-10	1.000286e+04	1.000000e+09	1.744618e+00	2.928941e-01	
73  556.158	8.366346e+01	2.057705e+00	9.274865e-05	9.001964e-10	1.000396e+04	1.000000e+09	1.744460e+00	2.931682e-01	
80  557.651	8.368946e+01	2.055816e+00	9.282193e-05	9.001981e-10	1.000271e+04	1.000000e+09	1.765562e+00	2.931230e-01	
23  558.54	8.383359e+01	2.072616e+00	9.280962e-05	9.001944e-10	1.000324e+04	1.000000e+09	1.768938e+00	2.932612e-01	
46  559.286	8.324262e+01	2.052606e+00	9.280591e-05	9.002041e-10	1.000300e+04	1.000000e+09	1.760788e+00	2.933926e-01	
3  561.503	8.392840e+01	2.024861e+00	9.285796e-05	9.001953e-10	1.000454e+04	1.000000e+09	1.804515e+00	2.925167e-01	
52  559.141	8.390047e+01	2.043030e+00	9.299389e-05	9.002029e-10	1.000664e+04	1.000000e+09	1.765015e+00	2.927939e-01	
393  558.333	8.332632e+01	2.040583e+00	9.304872e-05	9.002036e-10	1.000727e+04	1.000000e+09	1.759776e+00	2.931600e-01	
39  558.351	8.378575e+01	1.996679e+00	9.303480e-05	9.002054e-10	1.000619e+04	1.000000e+09	1.764051e+00	2.922132e-01	
34  559.348	8.393534e+01	2.040646e+00	9.297932e-05	9.002074e-10	1.000523e+04	1.000000e+09	1.754245e+00	2.927360e-01	
12  561.243	8.341965e+01	2.052703e+00	9.303459e-05	9.002136e-10	1.000573e+04	1.000000e+09	1.786962e+00	2.932685e-01	
20  562.475	8.396818e+01	2.024268e+00	9.315900e-05	9.002079e-10	1.000522e+04	1.000000e+09	1.815730e+00	2.924810e-01	
85  555.368	8.353598e+01	2.051058e+00	9.313254e-05	9.002150e-10	1.000625e+04	1.000000e+09	1.740325e+00	2.931628e-01	
522  557.195	8.347546e+01	2.041649e+00	9.307412e-05	9.002195e-10	1.000677e+04	1.000000e+09	1.758663e+00	2.930704e-01	
254  557.466	8.362612e+01	2.068079e+00	9.310517e-05	9.002155e-10	1.000591e+04	1.000000e+09	1.765783e+00	2.933428e-01	
51  556.232	8.370943e+01	2.079931e+00	9.317294e-05	9.002051e-10	1.000610e+04	1.000000e+09	1.740789e+00	2.934531e-01	
5  558	8.323547e+01	2.084844e+00	9.324532e-05	9.001999e-10	1.000483e+04	1.000000e+09	1.754287e+00	2.938631e-01	
149  557.742	8.335807e+01	2.103024e+00	9.319476e-05	9.002247e-10	1.000450e+04	1.000000e+09	1.762115e+00	2.940362e-01	
70  559.142	8.392929e+01	2.061953e+00	9.323791e-05	9.002429e-10	1.000511e+04	1.000000e+09	1.743178e+00	2.930426e-01	
50  558.624	8.367291e+01	2.046090e+00	9.338549e-05	9.002412e-10	1.000426e+04	1.000000e+09	1.776813e+00	2.929957e-01	
123  558.055	8.353167e+01	2.031649e+00	9.334952e-05	9.002416e-10	1.000372e+04	1.000000e+09	1.767513e+00	2.928876e-01	
40  557.405	8.351681e+01	2.004404e+00	9.321802e-05	9.002343e-10	1.000301e+04	1.000000e+09	1.758916e+00	2.925074e-01	
684  556.697	8.356674e+01	1.971298e+00	9.320208e-05	9.002358e-10	1.000216e+04	1.000000e+09	1.749358e+00	2.919990e-01	
327  556.422	8.358639e+01	1.952339e+00	9.328128e-05	9.002358e-10	1.000205e+04	1.000000e+09	1.744033e+00	2.917144e-01	
476  556.1	8.353792e+01	1.968299e+00	9.315267e-05	9.002392e-10	1.000179e+04	1.000000e+09	1.742435e+00	2.919755e-01	
363  556.387	8.345076e+01	1.962473e+00	9.311103e-05	9.002419e-10	1.000174e+04	1.000000e+09	1.744285e+00	2.919508e-01	
55  556.084	8.339275e+01	1.957307e+00	9.312740e-05	9.002294e-10	1.000180e+04	1.000000e+09	1.739356e+00	2.919157e-01	
82  556.748	8.345314e+01	1.969014e+00	9.319865e-05	9.002453e-10	1.000138e+04	1.000000e+09	1.748243e+00	2.920431e-01	
287  559.863	8.393292e+01	1.987384e+00	9.308399e-05	9.002388e-10	1.000066e+04	1.000000e+09	1.769451e+00	2.919816e-01	
111  557.353	8.327069e+01	1.946920e+00	9.319051e-05	9.002432e-10	1.000014e+04	1.000000e+09	1.742351e+00	2.918485e-01	
140  557.926	8.367142e+01	1.976806e+00	9.314403e-05	9.002344e-10	1.000026e+04	1.000000e+09	1.762851e+00	2.920071e-01	
27  557.803	8.382373e+01	1.987597e+00	9.322824e-05	9.002347e-10	9.999250e+03	1.000000e+09	1.740359e+00	2.920582e-01	
191  561.15	8.299837e+01	1.991741e+00	9.331819e-05	9.002389e-10	9.999272e+03	1.000000e+09	1.744948e+00	2.926837e-01	
72  559.374	8.366893e+01	1.980238e+00	9.326599e-05	9.002468e-10	9.998210e+03	1.000000e+09	1.779253e+00	2.920578e-01	
377  555.975	8.350327e+01	1.961496e+00	9.330860e-05	9.002516e-10	9.997563e+03	1.000000e+09	1.740667e+00	2.919013e-01	
573  556.86	8.359266e+01	1.981499e+00	9.335334e-05	9.002485e-10	9.997570e+03	1.000000e+09	1.751806e+00	2.921275e-01	
52  557.001	8.345296e+01	2.021439e+00	9.343320e-05	9.002308e-10	9.994989e+03	1.000000e+09	1.754584e+00	2.927960e-01	
255  556.975	8.355021e+01	2.011276e+00	9.354320e-05	9.002219e-10	9.995115e+03	1.000000e+09	1.755709e+00	2.925829e-01	
87  556.991	8.350472e+01	2.019101e+00	9.352108e-05	9.002252e-10	9.995323e+03	1.000000e+09	1.755808e+00	2.927265e-01	
104  556.466	8.370609e+01	2.041052e+00	9.351245e-05	9.002229e-10	9.995477e+03	1.000000e+09	1.742795e+00	2.929006e-01	
547  556.531	8.346135e+01	2.010037e+00	9.362783e-05	9.002122e-10	9.994642e+03	1.000000e+09	1.749639e+00	2.926265e-01	
27  557.25	8.335890e+01	2.012838e+00	9.353308e-05	9.002087e-10	9.994786e+03	1.000000e+09	1.751723e+00	2.927378e-01	
93  557.055	8.375948e+01	2.010668e+00	9.358215e-05	9.001978e-10	9.994775e+03	1.000000e+09	1.742148e+00	2.924304e-01	
52  558.74	8.373420e+01	2.031218e+00	9.358652e-05	9.002068e-10	9.994408e+03	1.000000e+09	1.776107e+00	2.927408e-01	
45  556.212	8.358115e+01	2.035587e+00	9.348652e-05	9.001940e-10	9.995451e+03	1.000000e+09	1.748593e+00	2.929096e-01	
296  555.757	8.342025e+01	2.026071e+00	9.355247e-05	9.001847e-10	9.995315e+03	1.000000e+09	1.742453e+00	2.928853e-01	
12  556.178	8.366484e+01	2.044812e+00	9.350175e-05	9.001821e-10	9.994499e+03	1.000000e+09	1.743420e+00	2.929831e-01	
26  558.185	8.362159e+01	2.043520e+00	9.362593e-05	9.001789e-10	9.994211e+03	1.000000e+09	1.771652e+00	2.929948e-01	
237  555.592	8.346869e+01	2.018012e+00	9.354174e-05	9.001848e-10	9.994982e+03	1.000000e+09	1.740949e+00	2.927359e-01	
193  556.092	8.349149e+01	2.020747e+00	9.346096e-05	9.001844e-10	9.993898e+03	1.000000e+09	1.746655e+00	2.927593e-01	
76  557.618	8.377761e+01	2.038359e+00	9.348714e-05	9.001902e-10	9.995198e+03	1.000000e+09	1.755117e+00	2.928125e-01	
176  556.675	8.356898e+01	2.015114e+00	9.347549e-05	9.001703e-10	9.996257e+03	1.000000e+09	1.752709e+00	2.926249e-01	
75  556.525	8.362940e+01	2.020995e+00	9.341615e-05	9.001641e-10	9.996142e+03	1.000000e+09	1.749652e+00	2.926673e-01	
1153  555.718	8.357790e+01	2.038338e+00	9.336755e-05	9.001598e-10	9.996421e+03	1.000000e+09	1.742328e+00	2.929512e-01	
79  558.92	8.387396e+01	2.043031e+00	9.325005e-05	9.001629e-10	9.995849e+03	1.000000e+09	1.766356e+00	2.928123e-01	
120  556.664	8.358627e+01	2.055726e+00	9.320208e-05	9.001682e-10	9.996759e+03	1.000000e+09	1.755782e+00	2.931942e-01	
627  555.735	8.347574e+01	2.038410e+00	9.332157e-05	9.001710e-10	9.997237e+03	1.000000e+09	1.744159e+00	2.930237e-01	
460  556.051	8.354975e+01	2.056776e+00	9.330690e-05	9.001727e-10	9.996641e+03	1.000000e+09	1.749047e+00	2.932350e-01	
379  555.475	8.336315e+01	2.086582e+00	9.315047e-05	9.001725e-10	9.996067e+03	1.000000e+09	1.742726e+00	2.937960e-01	
12  555.564	8.344075e+01	2.084806e+00	9.309228e-05	9.001696e-10	9.995614e+03	1.000000e+09	1.745610e+00	2.937146e-01	
549  556.129	8.332401e+01	2.062824e+00	9.307795e-05	9.001740e-10	9.995044e+03	1.000000e+09	1.744746e+00	2.934820e-01	
11  556.099	8.360328e+01	2.077023e+00	9.317488e-05	9.001742e-10	9.996253e+03	1.000000e+09	1.749859e+00	2.934870e-01	
7  558.098	8.374939e+01	2.080107e+00	9.315287e-05	9.001731e-10	9.996879e+03	1.000000e+09	1.770944e+00	2.934273e-01	
374  558.112	8.378497e+01	2.111408e+00	9.327449e-05	9.001674e-10	9.996492e+03	1.000000e+09	1.771103e+00	2.938480e-01	
17  555.259	8.358361e+01	2.122352e+00	9.328497e-05	9.001658e-10	9.997243e+03	1.000000e+09	1.742673e+00	2.941498e-01	
190  555.332	8.359044e+01	2.156349e+00	9.313700e-05	9.001516e-10	9.997675e+03	1.000000e+09	1.746415e+00	2.946314e-01	
1382  555.588	8.324952e+01	2.142121e+00	9.305911e-05	9.001522e-10	9.996550e+03	1.000000e+09	1.742305e+00	2.946793e-01	
8  555.019	8.341597e+01	2.105486e+00	9.316926e-05	9.001497e-10	9.996259e+03	1.000000e+09	1.741292e+00	2.940296e-01	
67  555.815	8.350338e+01	2.111435e+00	9.323881e-05	9.001407e-10	9.995415e+03	1.000000e+09	1.751072e+00	2.940516e-01	
111  559.666	8.293510e+01	2.135472e+00	9.328489e-05	9.001311e-10	9.994592e+03	1.000000e+09	1.740925e+00	2.948175e-01	
110  556.82	8.371703e+01	2.132969e+00	9.333306e-05	9.001249e-10	9.994560e+03	1.000000e+09	1.757659e+00	2.942045e-01	
155  556.931	8.377942e+01	2.136778e+00	9.325128e-05	9.001293e-10	9.993117e+03	1.000000e+09	1.747667e+00	2.942135e-01	
176  556.11	8.363118e+01	2.116098e+00	9.326688e-05	9.001319e-10	9.993887e+03	1.000000e+09	1.751973e+00	2.940258e-01	
559  555.722	8.340776e+01	2.135767e+00	9.327721e-05	9.001213e-10	9.994739e+03	1.000000e+09	1.750265e+00	2.944708e-01	
52  555.823	8.363593e+01	2.145857e+00	9.316177e-05	9.001266e-10	9.995064e+03	1.000000e+09	1.749783e+00	2.944478e-01	
680  555.248	8.358428e+01	2.136689e+00	9.316772e-05	9.001248e-10	9.995136e+03	1.000000e+09	1.743754e+00	2.943545e-01	
567  555.343	8.349225e+01	2.135937e+00	9.302430e-05	9.001200e-10	9.995827e+03	1.000000e+09	1.747789e+00	2.944112e-01	
26  557.782	8.371996e+01	2.111417e+00	9.302424e-05	9.001284e-10	9.995398e+03	1.000000e+09	1.770908e+00	2.938949e-01	
11  558.614	8.385377e+01	2.158536e+00	9.307644e-05	9.001310e-10	9.995788e+03	1.000000e+09	1.776198e+00	2.944689e-01	
38  558.816	8.364407e+01	2.173920e+00	9.305855e-05	9.001273e-10	9.996550e+03	1.000000e+09	1.788960e+00	2.948430e-01	
639  555.163	8.362774e+01	2.157392e+00	9.302700e-05	9.001172e-10	9.997177e+03	1.000000e+09	1.739791e+00	2.946187e-01	
248  556.273	8.367610e+01	2.151648e+00	9.294324e-05	9.001090e-10	9.998009e+03	1.000000e+09	1.754175e+00	2.945011e-01	
43  557.111	8.376793e+01	2.156505e+00	9.289837e-05	9.001103e-10	9.998942e+03	1.000000e+09	1.758144e+00	2.945030e-01	
188  556.724	8.358705e+01	2.186814e+00	9.304149e-05	9.001034e-10	9.999669e+03	1.000000e+09	1.767383e+00	2.950699e-01	
321  556.368	8.341453e+01	2.198219e+00	9.297465e-05	9.000981e-10	9.999736e+03	1.000000e+09	1.761118e+00	2.953634e-01	
4  559.722	8.357191e+01	2.163404e+00	9.293098e-05	9.000945e-10	1.000113e+04	1.000000e+09	1.793723e+00	2.947461e-01	
157  557.543	8.379210e+01	2.164131e+00	9.293652e-05	9.000932e-10	1.000173e+04	1.000000e+09	1.764250e+00	2.945938e-01	
58  555.122	8.336377e+01	2.150167e+00	9.290184e-05	9.001068e-10	1.000095e+04	1.000000e+09	1.744416e+00	2.947105e-01	
147  556.489	8.357790e+01	2.134254e+00	9.286331e-05	9.001011e-10	1.000004e+04	1.000000e+09	1.760368e+00	2.943243e-01	
77  555.825	8.355629e+01	2.153894e+00	9.299186e-05	9.000938e-10	9.999076e+03	1.000000e+09	1.754328e+00	2.946214e-01	
484  555.926	8.329371e+01	2.150811e+00	9.282422e-05	9.000891e-10	9.998839e+03	1.000000e+09	1.748073e+00	2.947718e-01	
165  555.91	8.365733e+01	2.156009e+00	9.292947e-05	9.000786e-10	9.998244e+03	1.000000e+09	1.750146e+00	2.945772e-01	
65  556.615	8.322926e+01	2.170280e+00	9.311192e-05	9.000812e-10	9.997632e+03	1.000000e+09	1.750586e+00	2.951009e-01	
317  554.599	8.333177e+01	2.168087e+00	9.308183e-05	9.000812e-10	9.997075e+03	1.000000e+09	1.739909e+00	2.949923e-01	
128  554.981	8.332351e+01	2.163229e+00	9.319701e-05	9.000844e-10	9.995960e+03	1.000000e+09	1.742640e+00	2.949285e-01	
202  556.94	8.371740e+01	2.143082e+00	9.326843e-05	9.000718e-10	9.994428e+03	1.000000e+09	1.760759e+00	2.943485e-01	
96  556.817	8.352266e+01	2.144702e+00	9.330365e-05	9.000672e-10	9.992283e+03	1.000000e+09	1.764427e+00	2.945145e-01	
78  556.196	8.330756e+01	2.187467e+00	9.329023e-05	9.000649e-10	9.991944e+03	1.000000e+09	1.753659e+00	2.952897e-01	
9  560.299	8.337852e+01	2.205205e+00	9.330085e-05	9.000568e-10	9.993351e+03	1.000000e+09	1.788881e+00	2.954912e-01	
16  556.383	8.370103e+01	2.205590e+00	9.340700e-05	9.000577e-10	9.992801e+03	1.000000e+09	1.758570e+00	2.952527e-01	
6  556.77	8.365012e+01	2.218271e+00	9.347374e-05	9.000718e-10	9.992152e+03	1.000000e+09	1.769447e+00	2.954723e-01	
65  557.549	8.338638e+01	2.208091e+00	9.353327e-05	9.000630e-10	9.991653e+03	1.000000e+09	1.770137e+00	2.955267e-01	
15  556.01	8.369601e+01	2.215392e+00	9.347789e-05	9.000778e-10	9.991323e+03	1.000000e+09	1.752796e+00	2.953964e-01	
34  554.985	8.350536e+01	2.229778e+00	9.353314e-05	9.000837e-10	9.991862e+03	1.000000e+09	1.751219e+00	2.957473e-01	
29  555.496	8.366816e+01	2.247525e+00	9.352717e-05	9.000906e-10	9.991077e+03	1.000000e+09	1.749656e+00	2.958765e-01	
108  554.7	8.343703e+01	2.239928e+00	9.355953e-05	9.000968e-10	9.991661e+03	1.000000e+09	1.748903e+00	2.959455e-01	
141  555.695	8.336908e+01	2.215816e+00	9.360286e-05	9.000964e-10	9.992766e+03	1.000000e+09	1.754732e+00	2.956511e-01	
71  557.233	8.375055e+01	2.226446e+00	9.348520e-05	9.001013e-10	9.992774e+03	1.000000e+09	1.770460e+00	2.955128e-01	
473  554.152	8.333155e+01	2.216563e+00	9.346123e-05	9.001099e-10	9.992608e+03	1.000000e+09	1.739446e+00	2.956905e-01	
359  554.55	8.352234e+01	2.225029e+00	9.336485e-05	9.001068e-10	9.991786e+03	1.000000e+09	1.744721e+00	2.956662e-01	
18  555.93	8.336938e+01	2.212470e+00	9.332856e-05	9.001097e-10	9.991804e+03	1.000000e+09	1.756510e+00	2.956027e-01	
917  554.463	8.345805e+01	2.185588e+00	9.326842e-05	9.001107e-10	9.991369e+03	1.000000e+09	1.741843e+00	2.951491e-01	
954  554.528	8.352916e+01	2.202670e+00	9.332030e-05	9.001035e-10	9.992417e+03	1.000000e+09	1.742143e+00	2.953406e-01	
551  555.388	8.353949e+01	2.217659e+00	9.321822e-05	9.001108e-10	9.991937e+03	1.000000e+09	1.754592e+00	2.955475e-01	
119  554.25	8.346877e+01	2.230498e+00	9.318508e-05	9.001106e-10	9.992268e+03	1.000000e+09	1.742822e+00	2.957857e-01	
257  557.75	8.345301e+01	2.218607e+00	9.319198e-05	9.000932e-10	9.991249e+03	1.000000e+09	1.776066e+00	2.956270e-01	
32  557.305	8.311720e+01	2.225373e+00	9.324880e-05	9.000935e-10	9.990967e+03	1.000000e+09	1.750558e+00	2.959829e-01	
80  556.902	8.335746e+01	2.241629e+00	9.323848e-05	9.000845e-10	9.990777e+03	1.000000e+09	1.765996e+00	2.960314e-01	
38  556.936	8.319331e+01	2.238875e+00	9.329508e-05	9.000911e-10	9.991100e+03	1.000000e+09	1.755146e+00	2.961191e-01	
275  555.157	8.364900e+01	2.233038e+00	9.339559e-05	9.000884e-10	9.990984e+03	1.000000e+09	1.743989e+00	2.956842e-01	
831  554.244	8.341876e+01	2.228194e+00	9.342320e-05	9.000836e-10	9.990094e+03	1.000000e+09	1.742871e+00	2.957910e-01	
137  555.743	8.367004e+01	2.237194e+00	9.332356e-05	9.000925e-10	9.990691e+03	1.000000e+09	1.753417e+00	2.957275e-01	
83  556.724	8.368119e+01	2.271619e+00	9.337673e-05	9.000888e-10	9.992183e+03	1.000000e+09	1.772110e+00	2.962106e-01	
5  555.972	8.312262e+01	2.291253e+00	9.324193e-05	9.000856e-10	9.991121e+03	1.000000e+09	1.747129e+00	2.969322e-01	
122  554.364	8.351116e+01	2.281605e+00	9.326852e-05	9.000844e-10	9.991010e+03	1.000000e+09	1.747477e+00	2.964860e-01	
66  555.756	8.333231e+01	2.257170e+00	9.310412e-05	9.000918e-10	9.991119e+03	1.000000e+09	1.756664e+00	2.962747e-01	
98  555.621	8.364957e+01	2.241668e+00	9.309062e-05	9.001055e-10	9.992305e+03	1.000000e+09	1.754023e+00	2.958071e-01	
15  556.301	8.353897e+01	2.238285e+00	9.308180e-05	9.001071e-10	9.992049e+03	1.000000e+09	1.766828e+00	2.958435e-01	
5  560.616	8.355550e+01	2.243399e+00	9.316650e-05	9.001188e-10	9.992375e+03	1.000000e+09	1.805990e+00	2.959040e-01	
6  560.291	8.395246e+01	2.244593e+00	9.316335e-05	9.001227e-10	9.991502e+03	1.000000e+09	1.804156e+00	2.956178e-01	
1  559.297	8.395918e+01	2.233262e+00	9.315764e-05	9.001225e-10	9.991595e+03	1.000000e+09	1.769018e+00	2.954520e-01	
93  554.951	8.345800e+01	2.248151e+00	9.321370e-05	9.001338e-10	9.992215e+03	1.000000e+09	1.752446e+00	2.960474e-01	
28  559.095	8.392042e+01	2.215963e+00	9.329351e-05	9.001460e-10	9.991976e+03	1.000000e+09	1.779185e+00	2.952356e-01	
17  558.405	8.379693e+01	2.202279e+00	9.325641e-05	9.001511e-10	9.991821e+03	1.000000e+09	1.783579e+00	2.951336e-01	
301  556.038	8.333858e+01	2.182423e+00	9.319901e-05	9.001384e-10	9.991305e+03	1.000000e+09	1.753688e+00	2.951936e-01	
373  555.487	8.360884e+01	2.190935e+00	9.322164e-05	9.001363e-10	9.991830e+03	1.000000e+09	1.750678e+00	2.951125e-01	
251  555.449	8.348743e+01	2.191898e+00	9.310320e-05	9.001296e-10	9.992851e+03	1.000000e+09	1.753506e+00	2.952176e-01	
62  556.734	8.335968e+01	2.189293e+00	9.309953e-05	9.001227e-10	9.993177e+03	1.000000e+09	1.760886e+00	2.952766e-01	
51  557.065	8.378101e+01	2.169528e+00	9.314413e-05	9.001186e-10	9.991739e+03	1.000000e+09	1.755385e+00	2.946789e-01	
18  557.141	8.376475e+01	2.180125e+00	9.322862e-05	9.001072e-10	9.992376e+03	1.000000e+09	1.761967e+00	2.948419e-01	
16  559.765	8.393378e+01	2.169607e+00	9.315330e-05	9.001041e-10	9.991573e+03	1.000000e+09	1.788148e+00	2.945676e-01	
16  557.918	8.386394e+01	2.174286e+00	9.312845e-05	9.000948e-10	9.991855e+03	1.000000e+09	1.751225e+00	2.946854e-01	
31  558.813	8.346406e+01	2.174466e+00	9.316559e-05	9.000980e-10	9.991398e+03	1.000000e+09	1.781750e+00	2.949850e-01	
20  560.052	8.311708e+01	2.207660e+00	9.303881e-05	9.001099e-10	9.991234e+03	1.000000e+09	1.765434e+00	2.957266e-01	
371  555.842	8.327629e+01	2.207745e+00	9.301574e-05	9.001158e-10	9.991111e+03	1.000000e+09	1.750632e+00	2.956058e-01	
14  557.779	8.347570e+01	2.216596e+00	9.306995e-05	9.001113e-10	9.991770e+03	1.000000e+09	1.777229e+00	2.955809e-01	
72  557.306	8.334100e+01	2.231595e+00	9.319582e-05	9.001082e-10	9.993012e+03	1.000000e+09	1.767348e+00	2.958997e-01	
96  556.903	8.379323e+01	2.215372e+00	9.332739e-05	9.000982e-10	9.992162e+03	1.000000e+09	1.751766e+00	2.953228e-01	
106  555.605	8.361218e+01	2.212914e+00	9.322398e-05	9.000986e-10	9.991332e+03	1.000000e+09	1.754264e+00	2.954244e-01	
29  555.838	8.334228e+01	2.186321e+00	9.318224e-05	9.001055e-10	9.991311e+03	1.000000e+09	1.752510e+00	2.952469e-01	
2  555.639	8.339525e+01	2.184031e+00	9.318411e-05	9.001022e-10	9.990622e+03	1.000000e+09	1.752811e+00	2.951740e-01	
4  558.152	8.359708e+01	2.187605e+00	9.327826e-05	9.000900e-10	9.991259e+03	1.000000e+09	1.782554e+00	2.950737e-01	
14  555.234	8.361600e+01	2.175109e+00	9.328426e-05	9.000810e-10	9.992116e+03	1.000000e+09	1.744333e+00	2.948808e-01	
353  554.644	8.353953e+01	2.159507e+00	9.332001e-05	9.000863e-10	9.992202e+03	1.000000e+09	1.739476e+00	2.947142e-01	
288  556.371	8.339126e+01	2.125266e+00	9.333006e-05	9.000863e-10	9.991821e+03	1.000000e+09	1.754603e+00	2.943320e-01	
246  556.118	8.366629e+01	2.120397e+00	9.330554e-05	9.000933e-10	9.991351e+03	1.000000e+09	1.749468e+00	2.940618e-01	
93  557.632	8.382716e+01	2.093216e+00	9.329273e-05	9.000935e-10	9.991324e+03	1.000000e+09	1.747299e+00	2.935589e-01	
43  556.627	8.361253e+01	2.088061e+00	9.338153e-05	9.000788e-10	9.991114e+03	1.000000e+09	1.757519e+00	2.936383e-01	
30  555.516	8.336291e+01	2.113031e+00	9.336842e-05	9.000742e-10	9.990766e+03	1.000000e+09	1.745090e+00	2.941767e-01	
208  555.647	8.324876e+01	2.141763e+00	9.347583e-05	9.000745e-10	9.992189e+03	1.000000e+09	1.742682e+00	2.946747e-01	
27  555.221	8.350324e+01	2.177439e+00	9.350066e-05	9.000774e-10	9.991200e+03	1.000000e+09	1.749718e+00	2.949983e-01	
628  555.846	8.349389e+01	2.133945e+00	9.346126e-05	9.000836e-10	9.990426e+03	1.000000e+09	1.753163e+00	2.943814e-01	
226  556.169	8.346933e+01	2.138394e+00	9.340068e-05	9.000789e-10	9.989583e+03	1.000000e+09	1.756412e+00	2.944633e-01	
10  556.826	8.335658e+01	2.138669e+00	9.339451e-05	9.000676e-10	9.989840e+03	1.000000e+09	1.757663e+00	2.945503e-01	
79  557.247	8.361896e+01	2.143480e+00	9.361689e-05	9.000786e-10	9.988680e+03	1.000000e+09	1.769611e+00	2.944263e-01	
470  557.515	8.335593e+01	2.122869e+00	9.361236e-05	9.000751e-10	9.988671e+03	1.000000e+09	1.761760e+00	2.943234e-01	
79  555.648	8.351249e+01	2.154855e+00	9.344592e-05	9.000893e-10	9.988496e+03	1.000000e+09	1.752752e+00	2.946676e-01	
100  556.003	8.368720e+01	2.153053e+00	9.349172e-05	9.000829e-10	9.988142e+03	1.000000e+09	1.747644e+00	2.945130e-01	
176  558.331	8.377073e+01	2.154852e+00	9.354547e-05	9.000817e-10	9.989427e+03	1.000000e+09	1.779904e+00	2.944773e-01	
210  554.8	8.350434e+01	2.145972e+00	9.352916e-05	9.000774e-10	9.989237e+03	1.000000e+09	1.741907e+00	2.945462e-01	
306  554.881	8.357184e+01	2.160647e+00	9.361555e-05	9.000763e-10	9.989131e+03	1.000000e+09	1.741038e+00	2.947066e-01	
59  556.768	8.372802e+01	2.160317e+00	9.376989e-05	9.000782e-10	9.990157e+03	1.000000e+09	1.757926e+00	2.945866e-01	
172  556.988	8.377998e+01	2.173853e+00	9.386750e-05	9.000738e-10	9.990207e+03	1.000000e+09	1.753972e+00	2.947413e-01	
31  557.57	8.366479e+01	2.179591e+00	9.376426e-05	9.000748e-10	9.987996e+03	1.000000e+09	1.775923e+00	2.949086e-01	
88  554.635	8.358131e+01	2.194743e+00	9.372673e-05	9.000606e-10	9.988008e+03	1.000000e+09	1.739166e+00	2.951877e-01	
4  555.968	8.337541e+01	2.232494e+00	9.370755e-05	9.000751e-10	9.987297e+03	1.000000e+09	1.758614e+00	2.958861e-01	
110  555.852	8.342244e+01	2.252408e+00	9.369852e-05	9.000869e-10	9.988494e+03	1.000000e+09	1.760963e+00	2.961361e-01	
169  556.254	8.326960e+01	2.270640e+00	9.360873e-05	9.000889e-10	9.989009e+03	1.000000e+09	1.757955e+00	2.965179e-01	
139  556.695	8.379703e+01	2.228912e+00	9.349378e-05	9.000886e-10	9.988738e+03	1.000000e+09	1.739624e+00	2.955128e-01	
2  556.771	8.347320e+01	2.231341e+00	9.364721e-05	9.000952e-10	9.987915e+03	1.000000e+09	1.769463e+00	2.957944e-01	
30  556.016	8.373395e+01	2.264038e+00	9.373818e-05	9.001129e-10	9.989349e+03	1.000000e+09	1.749732e+00	2.960616e-01	
21  557.625	8.373947e+01	2.260844e+00	9.385508e-05	9.001100e-10	9.990581e+03	1.000000e+09	1.781025e+00	2.960118e-01	
12  558.994	8.394907e+01	2.280833e+00	9.377268e-05	9.001109e-10	9.992058e+03	1.000000e+09	1.754933e+00	2.961346e-01	
39  555.612	8.313808e+01	2.293334e+00	9.382937e-05	9.000973e-10	9.992408e+03	1.000000e+09	1.746029e+00	2.969500e-01	
4  555.048	8.363010e+01	2.299433e+00	9.390465e-05	9.000908e-10	9.992101e+03	1.000000e+09	1.751262e+00	2.966479e-01	
3  557.917	8.335546e+01	2.324026e+00	9.393955e-05	9.000869e-10	9.992807e+03	1.000000e+09	1.779595e+00	2.972189e-01	
84  556.759	8.305339e+01	2.306747e+00	9.405187e-05	9.000933e-10	9.993566e+03	1.000000e+09	1.747563e+00	2.972121e-01	
78  556.97	8.381748e+01	2.294051e+00	9.416388e-05	9.000928e-10	9.994942e+03	1.000000e+09	1.753572e+00	2.964245e-01	
43  555.562	8.348017e+01	2.271029e+00	9.411608e-05	9.000885e-10	9.994501e+03	1.000000e+09	1.761001e+00	2.963585e-01	
231  554.616	8.340634e+01	2.294150e+00	9.409317e-05	9.000854e-10	9.994185e+03	1.000000e+09	1.751882e+00	2.967486e-01	
174  554.535	8.361238e+01	2.333267e+00	9.421784e-05	9.000785e-10	9.993676e+03	1.000000e+09	1.746829e+00	2.971458e-01	
225  553.371	8.333573e+01	2.330798e+00	9.415009e-05	9.000786e-10	9.994578e+03	1.000000e+09	1.740705e+00	2.973322e-01	
168  553.26	8.337378e+01	2.364501e+00	9.416277e-05	9.000784e-10	9.995394e+03	1.000000e+09	1.742657e+00	2.977864e-01	
209  554.195	8.307955e+01	2.398868e+00	9.422263e-05	9.000727e-10	9.995449e+03	1.000000e+09	1.739536e+00	2.985257e-01	
96  555.277	8.311638e+01	2.381775e+00	9.417216e-05	9.000665e-10	9.995272e+03	1.000000e+09	1.748460e+00	2.982475e-01	
84  554.632	8.328559e+01	2.350607e+00	9.413767e-05	9.000683e-10	9.994955e+03	1.000000e+09	1.752046e+00	2.976582e-01	
20  556.215	8.376878e+01	2.329431e+00	9.418487e-05	9.000696e-10	9.994170e+03	1.000000e+09	1.751781e+00	2.969666e-01	
208  555.914	8.302320e+01	2.304802e+00	9.436662e-05	9.000796e-10	9.994892e+03	1.000000e+09	1.739702e+00	2.972082e-01	
92  554.454	8.336889e+01	2.295652e+00	9.445840e-05	9.000825e-10	9.995191e+03	1.000000e+09	1.749504e+00	2.967999e-01	
29  557.954	8.374919e+01	2.305303e+00	9.456905e-05	9.000797e-10	9.995696e+03	1.000000e+09	1.789275e+00	2.966382e-01	
161  558.714	8.388143e+01	2.280314e+00	9.444448e-05	9.000872e-10	9.995326e+03	1.000000e+09	1.786528e+00	2.961795e-01	
16  558.023	8.367421e+01	2.319162e+00	9.442954e-05	9.000885e-10	9.996366e+03	1.000000e+09	1.792881e+00	2.968950e-01	
754  553.555	8.325383e+01	2.329196e+00	9.436230e-05	9.000827e-10	9.994696e+03	1.000000e+09	1.739756e+00	2.973752e-01	
34  557.251	8.298951e+01	2.318631e+00	9.442968e-05	9.000691e-10	9.995564e+03	1.000000e+09	1.745625e+00	2.974362e-01	
20  555.018	8.333995e+01	2.280163e+00	9.443153e-05	9.000841e-10	9.994183e+03	1.000000e+09	1.752494e+00	2.965998e-01	
203  554.191	8.325106e+01	2.281321e+00	9.437226e-05	9.000753e-10	9.995257e+03	1.000000e+09	1.741509e+00	2.966866e-01	
80  554.512	8.338186e+01	2.298663e+00	9.448874e-05	9.000714e-10	9.996091e+03	1.000000e+09	1.750644e+00	2.968329e-01	
82  553.982	8.356122e+01	2.307666e+00	9.451040e-05	9.000709e-10	9.995922e+03	1.000000e+09	1.740179e+00	2.968200e-01	
91  555.365	8.354993e+01	2.303098e+00	9.451327e-05	9.000678e-10	9.995788e+03	1.000000e+09	1.761300e+00	2.967635e-01	
76  555.006	8.366727e+01	2.297408e+00	9.470343e-05	9.000659e-10	9.996449e+03	1.000000e+09	1.743304e+00	2.965898e-01	
255  555.674	8.316949e+01	2.320342e+00	9.484408e-05	9.000678e-10	9.995145e+03	1.000000e+09	1.750668e+00	2.973154e-01	
181  556.358	8.328636e+01	2.291166e+00	9.491502e-05	9.000645e-10	9.995173e+03	1.000000e+09	1.761292e+00	2.968007e-01	
39  556.531	8.302996e+01	2.265873e+00	9.492212e-05	9.000631e-10	9.995747e+03	1.000000e+09	1.741320e+00	2.966381e-01	
177  556.352	8.303274e+01	2.257914e+00	9.481261e-05	9.000670e-10	9.994786e+03	1.000000e+09	1.739919e+00	2.965205e-01	
152  557.644	8.359392e+01	2.282874e+00	9.484730e-05	9.000577e-10	9.994986e+03	1.000000e+09	1.785109e+00	2.964394e-01	
33  555.02	8.328549e+01	2.307603e+00	9.484242e-05	9.000643e-10	9.995518e+03	1.000000e+09	1.752040e+00	2.970383e-01	
1328  554.439	8.334119e+01	2.298756e+00	9.478063e-05	9.000778e-10	9.996370e+03	1.000000e+09	1.748751e+00	2.968665e-01	
193  554.234	8.359067e+01	2.309314e+00	9.468833e-05	9.000733e-10	9.996314e+03	1.000000e+09	1.741396e+00	2.968204e-01	
118  556.236	8.312287e+01	2.303303e+00	9.463427e-05	9.000562e-10	9.996930e+03	1.000000e+09	1.749742e+00	2.971064e-01	
18  558.659	8.385971e+01	2.269746e+00	9.460525e-05	9.000610e-10	9.997035e+03	1.000000e+09	1.787868e+00	2.960460e-01	
20  555.035	8.317356e+01	2.277509e+00	9.463765e-05	9.000634e-10	9.997359e+03	1.000000e+09	1.743316e+00	2.966929e-01	
96  553.709	8.336566e+01	2.286436e+00	9.464499e-05	9.000438e-10	9.995698e+03	1.000000e+09	1.741226e+00	2.966698e-01	
30  554.569	8.345944e+01	2.280486e+00	9.474540e-05	9.000571e-10	9.995210e+03	1.000000e+09	1.750820e+00	2.965105e-01	
396  553.872	8.354573e+01	2.300424e+00	9.485230e-05	9.000688e-10	9.994657e+03	1.000000e+09	1.739197e+00	2.967285e-01	
164  555.059	8.307375e+01	2.306968e+00	9.484278e-05	9.000779e-10	9.994490e+03	1.000000e+09	1.738454e+00	2.971989e-01	
84  554.511	8.326911e+01	2.325746e+00	9.475655e-05	9.000838e-10	9.994904e+03	1.000000e+09	1.748375e+00	2.973131e-01	
65  556.063	8.344962e+01	2.348677e+00	9.464323e-05	9.000839e-10	9.995241e+03	1.000000e+09	1.771288e+00	2.974974e-01	
28  555.744	8.374661e+01	2.350457e+00	9.460888e-05	9.000920e-10	9.996394e+03	1.000000e+09	1.745391e+00	2.972840e-01	
181  553.233	8.332733e+01	2.356681e+00	9.465038e-05	9.000910e-10	9.996787e+03	1.000000e+09	1.741146e+00	2.977118e-01	
161  553.933	8.317654e+01	2.380406e+00	9.458452e-05	9.000890e-10	9.996489e+03	1.000000e+09	1.742706e+00	2.981779e-01	
346  553.701	8.333613e+01	2.386108e+00	9.455074e-05	9.000882e-10	9.996162e+03	1.000000e+09	1.748315e+00	2.981283e-01	
315  554.964	8.365375e+01	2.406869e+00	9.439839e-05	9.000886e-10	9.995246e+03	1.000000e+09	1.756981e+00	2.981646e-01	
69  555.43	8.374460e+01	2.434575e+00	9.453578e-05	9.000844e-10	9.994646e+03	1.000000e+09	1.741816e+00	2.984851e-01	
13  555.407	8.372370e+01	2.444082e+00	9.459510e-05	9.000897e-10	9.995059e+03	1.000000e+09	1.756118e+00	2.986380e-01	
71  555.378	8.342440e+01	2.431954e+00	9.444806e-05	9.000923e-10	9.994606e+03	1.000000e+09	1.770547e+00	2.987144e-01	
28  558.185	8.389058e+01	2.425052e+00	9.454800e-05	9.000834e-10	9.996354e+03	1.000000e+09	1.787299e+00	2.982290e-01	
217  557.583	8.372332e+01	2.424922e+00	9.445433e-05	9.000794e-10	9.996548e+03	1.000000e+09	1.795851e+00	2.983650e-01	
6  556.511	8.314029e+01	2.421010e+00	9.431402e-05	9.000728e-10	9.995034e+03	1.000000e+09	1.761278e+00	2.987953e-01	
86  556.676	8.382604e+01	2.436870e+00	9.434353e-05	9.000720e-10	9.995278e+03	1.000000e+09	1.747224e+00	2.984503e-01	
18  556.935	8.384116e+01	2.436714e+00	9.434296e-05	9.000764e-10	9.994871e+03	1.000000e+09	1.757407e+00	2.984356e-01	
195  554.857	8.354678e+01	2.435045e+00	9.437426e-05	9.000766e-10	9.995204e+03	1.000000e+09	1.766069e+00	2.986564e-01	
112  553.504	8.325309e+01	2.426102e+00	9.436143e-05	9.000796e-10	9.995562e+03	1.000000e+09	1.746552e+00	2.987739e-01	
40  555.784	8.318156e+01	2.397853e+00	9.435740e-05	9.000824e-10	9.995847e+03	1.000000e+09	1.757873e+00	2.984259e-01	
2  556.091	8.375859e+01	2.378620e+00	9.439851e-05	9.000960e-10	9.996069e+03	1.000000e+09	1.758352e+00	2.976759e-01	
121  554.149	8.352150e+01	2.361337e+00	9.430590e-05	9.001033e-10	9.996667e+03	1.000000e+09	1.750936e+00	2.976209e-01	
50  553.976	8.359356e+01	2.377406e+00	9.433502e-05	9.001045e-10	9.997388e+03	1.000000e+09	1.742247e+00	2.977925e-01	
1064  554.002	8.354454e+01	2.344343e+00	9.440798e-05	9.000997e-10	9.999006e+03	1.000000e+09	1.745663e+00	2.973587e-01	
8  555.438	8.339547e+01	2.364481e+00	9.448533e-05	9.000955e-10	9.999602e+03	1.000000e+09	1.764872e+00	2.977685e-01	
1  558.327	8.353398e+01	2.367520e+00	9.442557e-05	9.001117e-10	9.999735e+03	1.000000e+09	1.796122e+00	2.976994e-01	
3  557.954	8.373213e+01	2.374052e+00	9.434072e-05	9.001080e-10	1.000047e+04	1.000000e+09	1.795976e+00	2.976321e-01	
5  557.043	8.370642e+01	2.348006e+00	9.434498e-05	9.001052e-10	9.999953e+03	1.000000e+09	1.782266e+00	2.972812e-01	
38  554.564	8.356645e+01	2.356096e+00	9.435321e-05	9.001154e-10	9.999073e+03	1.000000e+09	1.754138e+00	2.975094e-01	
360  554.314	8.353457e+01	2.354416e+00	9.439407e-05	9.000997e-10	9.999300e+03	1.000000e+09	1.752083e+00	2.975111e-01	
152  554.188	8.326736e+01	2.349151e+00	9.441813e-05	9.000935e-10	1.000009e+04	1.000000e+09	1.747321e+00	2.976521e-01	
111  553.388	8.342951e+01	2.354137e+00	9.429341e-05	9.001046e-10	1.000051e+04	1.000000e+09	1.743016e+00	2.975921e-01	
107  554.465	8.341702e+01	2.346465e+00	9.437419e-05	9.000985e-10	1.000115e+04	1.000000e+09	1.754651e+00	2.974920e-01	
221  554.323	8.360368e+01	2.354941e+00	9.418600e-05	9.001020e-10	1.000163e+04	1.000000e+09	1.745895e+00	2.974629e-01	
213  553.87	8.356922e+01	2.351921e+00	9.430868e-05	9.000980e-10	1.000106e+04	1.000000e+09	1.741263e+00	2.974474e-01	
31  555.967	8.311332e+01	2.372272e+00	9.423661e-05	9.001069e-10	1.000093e+04	1.000000e+09	1.752136e+00	2.981125e-01	
35  555.142	8.321217e+01	2.380702e+00	9.425313e-05	9.001014e-10	1.000106e+04	1.000000e+09	1.754109e+00	2.981527e-01	
27  556.01	8.322911e+01	2.364619e+00	9.435266e-05	9.000954e-10	9.999814e+03	1.000000e+09	1.760391e+00	2.979065e-01	
31  556.39	8.295554e+01	2.342044e+00	9.448820e-05	9.000870e-10	9.999628e+03	1.000000e+09	1.739202e+00	2.978040e-01	
100  554.602	8.359656e+01	2.324368e+00	9.448207e-05	9.000790e-10	9.999228e+03	1.000000e+09	1.749268e+00	2.970311e-01	
32  557.56	8.331393e+01	2.340211e+00	9.445857e-05	9.000828e-10	9.997935e+03	1.000000e+09	1.775449e+00	2.974854e-01	
11  555.707	8.325862e+01	2.348359e+00	9.439622e-05	9.000846e-10	9.997709e+03	1.000000e+09	1.758892e+00	2.976477e-01	
107  553.727	8.333803e+01	2.359282e+00	9.440610e-05	9.000787e-10	9.997905e+03	1.000000e+09	1.746533e+00	2.977405e-01	
342  553.446	8.340404e+01	2.361774e+00	9.444472e-05	9.000705e-10	9.998742e+03	1.000000e+09	1.744587e+00	2.977226e-01	
120  557.578	8.374978e+01	2.372499e+00	9.444445e-05	9.000663e-10	9.997782e+03	1.000000e+09	1.789895e+00	2.975957e-01	
49  555.431	8.372993e+01	2.392374e+00	9.447835e-05	9.000590e-10	9.997362e+03	1.000000e+09	1.746801e+00	2.978953e-01	
17  558.057	8.372561e+01	2.424883e+00	9.443706e-05	9.000557e-10	9.997414e+03	1.000000e+09	1.801827e+00	2.983625e-01	
81  557.018	8.288127e+01	2.414242e+00	9.425053e-05	9.000537e-10	9.998561e+03	1.000000e+09	1.740689e+00	2.989160e-01	
77  554.633	8.366713e+01	2.405646e+00	9.430474e-05	9.000457e-10	9.998033e+03	1.000000e+09	1.745055e+00	2.981361e-01	
166  553.925	8.322526e+01	2.396174e+00	9.442593e-05	9.000452e-10	9.998629e+03	1.000000e+09	1.746531e+00	2.983652e-01	
277  552.952	8.330134e+01	2.408563e+00	9.445475e-05	9.000527e-10	9.998307e+03	1.000000e+09	1.741762e+00	2.984806e-01	
4  553.622	8.316574e+01	2.408475e+00	9.466097e-05	9.000348e-10	9.998170e+03	1.000000e+09	1.741694e+00	2.985926e-01	
160  559.624	8.293836e+01	2.424054e+00	9.459977e-05	9.000266e-10	9.996988e+03	1.000000e+09	1.760787e+00	2.990103e-01	
8  558.138	8.297879e+01	2.395176e+00	9.460166e-05	9.000267e-10	9.996059e+03	1.000000e+09	1.754888e+00	2.985566e-01	
129  554.673	8.359727e+01	2.412984e+00	9.462159e-05	9.000243e-10	9.997132e+03	1.000000e+09	1.758778e+00	2.982986e-01	
85  553.142	8.346090e+01	2.416586e+00	9.466525e-05	9.000247e-10	9.996152e+03	1.000000e+09	1.744056e+00	2.984632e-01	
60  554.641	8.341205e+01	2.424264e+00	9.454850e-05	9.000260e-10	9.996376e+03	1.000000e+09	1.762477e+00	2.986142e-01	
8  555.149	8.336111e+01	2.412402e+00	9.464799e-05	9.000231e-10	9.997189e+03	1.000000e+09	1.764587e+00	2.984861e-01	
133  554.569	8.364343e+01	2.421059e+00	9.463936e-05	9.000201e-10	9.996011e+03	1.000000e+09	1.751306e+00	2.983759e-01	
55  555.525	8.350145e+01	2.396378e+00	9.456988e-05	9.000126e-10	9.996990e+03	1.000000e+09	1.770944e+00	2.981397e-01	
290  554.077	8.329505e+01	2.422867e+00	9.456882e-05	9.000066e-10	9.997047e+03	1.000000e+09	1.753151e+00	2.986920e-01	
115  553.011	8.333793e+01	2.426975e+00	9.459032e-05	8.999896e-10	9.996032e+03	1.000000e+09	1.744533e+00	2.987152e-01	
126  552.456	8.329460e+01	2.451208e+00	9.462442e-05	8.999832e-10	9.995466e+03	1.000000e+09	1.739885e+00	2.991009e-01	
428  552.734	8.341497e+01	2.454740e+00	9.468574e-05	8.999863e-10	9.995056e+03	1.000000e+09	1.743295e+00	2.990498e-01	
37  553.474	8.308703e+01	2.460996e+00	9.466798e-05	9.000045e-10	9.996490e+03	1.000000e+09	1.739377e+00	2.994194e-01	
76  553.592	8.345765e+01	2.456028e+00	9.475565e-05	9.000045e-10	9.996325e+03	1.000000e+09	1.753566e+00	2.990322e-01	
19  554.781	8.370307e+01	2.468536e+00	9.474441e-05	9.000060e-10	9.995476e+03	1.000000e+09	1.742422e+00	2.990042e-01	
174  553.593	8.334806e+01	2.432399e+00	9.457893e-05	9.000089e-10	9.995683e+03	1.000000e+09	1.751140e+00	2.987848e-01	
783  553.75	8.352063e+01	2.424822e+00	9.458220e-05	9.000113e-10	9.995566e+03	1.000000e+09	1.750649e+00	2.985317e-01	
92  558.469	8.301296e+01	2.453261e+00	9.451217e-05	9.000105e-10	9.994848e+03	1.000000e+09	1.764002e+00	2.993708e-01	
19  558.305	8.320381e+01	2.449349e+00	9.451552e-05	9.000022e-10	9.994646e+03	1.000000e+09	1.779899e+00	2.991512e-01	
20  556.22	8.295971e+01	2.417280e+00	9.449862e-05	9.000102e-10	9.993525e+03	1.000000e+09	1.743796e+00	2.988937e-01	
131  554.248	8.359558e+01	2.435933e+00	9.446886e-05	9.000139e-10	9.992540e+03	1.000000e+09	1.753521e+00	2.986284e-01	
15  557.957	8.389011e+01	2.417461e+00	9.455612e-05	9.000226e-10	9.992945e+03	1.000000e+09	1.739139e+00	2.981215e-01	
38  556.552	8.353975e+01	2.411932e+00	9.457545e-05	9.000166e-10	9.991287e+03	1.000000e+09	1.783434e+00	2.983311e-01	
103  558.717	8.387293e+01	2.433461e+00	9.463240e-05	9.000203e-10	9.992051e+03	1.000000e+09	1.803881e+00	2.983631e-01	
85  557.578	8.385430e+01	2.439481e+00	9.448829e-05	9.000193e-10	9.992327e+03	1.000000e+09	1.781897e+00	2.984641e-01	
24  557.809	8.325213e+01	2.446312e+00	9.434177e-05	9.000186e-10	9.992386e+03	1.000000e+09	1.780377e+00	2.990663e-01	
22  557.295	8.323781e+01	2.439774e+00	9.430767e-05	9.000150e-10	9.992476e+03	1.000000e+09	1.775384e+00	2.989841e-01	
58  555.625	8.372743e+01	2.455484e+00	9.415859e-05	9.000177e-10	9.992176e+03	1.000000e+09	1.763171e+00	2.987976e-01	
22  555.413	8.311978e+01	2.476418e+00	9.423866e-05	9.000152e-10	9.992459e+03	1.000000e+09	1.756384e+00	2.996146e-01	
10  555.483	8.359766e+01	2.467608e+00	9.425335e-05	9.000110e-10	9.992705e+03	1.000000e+09	1.775662e+00	2.990799e-01	
23  557.493	8.367379e+01	2.491864e+00	9.426915e-05	9.000125e-10	9.992258e+03	1.000000e+09	1.801323e+00	2.993621e-01	
7  553.396	8.346843e+01	2.499209e+00	9.422435e-05	9.000215e-10	9.991438e+03	1.000000e+09	1.754373e+00	2.996429e-01	
16  554.029	8.360332e+01	2.492973e+00	9.423890e-05	9.000259e-10	9.991672e+03	1.000000e+09	1.753698e+00	2.994380e-01	
41  554.188	8.359692e+01	2.497415e+00	9.434004e-05	9.000173e-10	9.992167e+03	1.000000e+09	1.758185e+00	2.995070e-01	
314  553.483	8.336250e+01	2.513500e+00	9.436836e-05	9.000201e-10	9.992500e+03	1.000000e+09	1.756692e+00	2.999397e-01	
55  553.223	8.354531e+01	2.480749e+00	9.436906e-05	9.000189e-10	9.992193e+03	1.000000e+09	1.744178e+00	2.993124e-01	
101  555.043	8.372945e+01	2.504592e+00	9.438345e-05	9.000227e-10	9.992653e+03	1.000000e+09	1.742425e+00	2.994963e-01	
244  555.551	8.341947e+01	2.461908e+00	9.439582e-05	9.000122e-10	9.992282e+03	1.000000e+09	1.774300e+00	2.991490e-01	
25  552.972	8.338649e+01	2.471110e+00	9.441271e-05	9.000008e-10	9.992046e+03	1.000000e+09	1.747974e+00	2.993093e-01	
80  560.104	8.317343e+01	2.466816e+00	9.447006e-05	8.999856e-10	9.992445e+03	1.000000e+09	1.789207e+00	2.994295e-01	
29  558.215	8.311245e+01	2.444021e+00	9.442503e-05	8.999855e-10	9.991661e+03	1.000000e+09	1.771092e+00	2.991519e-01	
150  558.962	8.312227e+01	2.425776e+00	9.437403e-05	8.999922e-10	9.991067e+03	1.000000e+09	1.775055e+00	2.988795e-01	
10  559.369	8.308307e+01	2.434528e+00	9.436844e-05	8.999837e-10	9.991549e+03	1.000000e+09	1.774349e+00	2.990394e-01	
90  558.26	8.352913e+01	2.419673e+00	9.430487e-05	8.999862e-10	9.990379e+03	1.000000e+09	1.799374e+00	2.984508e-01	
8  559.535	8.331469e+01	2.403438e+00	9.428590e-05	8.999848e-10	9.990441e+03	1.000000e+09	1.793429e+00	2.983957e-01	
3  557.786	8.309768e+01	2.414244e+00	9.429156e-05	8.999827e-10	9.989086e+03	1.000000e+09	1.765136e+00	2.987332e-01	
95  555.252	8.358329e+01	2.429585e+00	9.430289e-05	8.999797e-10	9.990922e+03	1.000000e+09	1.769740e+00	2.985477e-01	
72  556.691	8.348099e+01	2.433063e+00	9.433980e-05	8.999816e-10	9.992295e+03	1.000000e+09	1.784703e+00	2.986829e-01	
84  556.171	8.375964e+01	2.399495e+00	9.434836e-05	8.999905e-10	9.990626e+03	1.000000e+09	1.763234e+00	2.979726e-01	
21  557.468	8.384948e+01	2.391330e+00	9.439017e-05	8.999956e-10	9.990616e+03	1.000000e+09	1.773682e+00	2.977832e-01	
111  557.517	8.372029e+01	2.373185e+00	9.433116e-05	9.000015e-10	9.990507e+03	1.000000e+09	1.790515e+00	2.976294e-01	
40  556.425	8.312483e+01	2.382004e+00	9.435036e-05	8.999975e-10	9.990672e+03	1.000000e+09	1.756712e+00	2.982438e-01	
44  557.811	8.338147e+01	2.376662e+00	9.436458e-05	8.999923e-10	9.991369e+03	1.000000e+09	1.784406e+00	2.979551e-01	
37  555.073	8.320690e+01	2.372715e+00	9.443369e-05	9.000056e-10	9.992018e+03	1.000000e+09	1.752676e+00	2.980417e-01	
14  556.623	8.380275e+01	2.357160e+00	9.454854e-05	9.000061e-10	9.993629e+03	1.000000e+09	1.755885e+00	2.973346e-01	
62  555.111	8.365160e+01	2.365082e+00	9.454721e-05	9.000000e-10	9.993813e+03	1.000000e+09	1.756131e+00	2.975692e-01	
174  554.995	8.327524e+01	2.385385e+00	9.456097e-05	9.000008e-10	9.994290e+03	1.000000e+09	1.757076e+00	2.981681e-01	
430  552.86	8.333336e+01	2.422583e+00	9.459144e-05	9.000007e-10	9.994811e+03	1.000000e+09	1.742524e+00	2.986558e-01	
517  553.061	8.323396e+01	2.417413e+00	9.454733e-05	8.999933e-10	9.995722e+03	1.000000e+09	1.741178e+00	2.986646e-01	
227  552.957	8.320669e+01	2.415244e+00	9.460101e-05	8.999989e-10	9.993967e+03	1.000000e+09	1.738897e+00	2.986561e-01	
32  554.798	8.359937e+01	2.403632e+00	9.472606e-05	9.000003e-10	9.994407e+03	1.000000e+09	1.759814e+00	2.981630e-01	
76  555.339	8.318394e+01	2.431808e+00	9.464341e-05	9.000128e-10	9.995110e+03	1.000000e+09	1.757364e+00	2.989146e-01	
103  554.54	8.361252e+01	2.410714e+00	9.449149e-05	9.000218e-10	9.994238e+03	1.000000e+09	1.754582e+00	2.982535e-01	
96  553.917	8.329825e+01	2.414558e+00	9.451144e-05	9.000234e-10	9.995079e+03	1.000000e+09	1.751230e+00	2.985696e-01	
177  554.313	8.364028e+01	2.438605e+00	9.462914e-05	9.000145e-10	9.994941e+03	1.000000e+09	1.747317e+00	2.986293e-01	
67  552.567	8.337130e+01	2.440315e+00	9.456687e-05	9.000173e-10	9.994577e+03	1.000000e+09	1.740741e+00	2.988792e-01	
637  552.947	8.341040e+01	2.441830e+00	9.465297e-05	9.000221e-10	9.995579e+03	1.000000e+09	1.745061e+00	2.988681e-01	
150  554.651	8.353481e+01	2.449813e+00	9.463183e-05	9.000253e-10	9.997719e+03	1.000000e+09	1.764952e+00	2.988780e-01	
137  553.177	8.346166e+01	2.446751e+00	9.475399e-05	9.000244e-10	9.998009e+03	1.000000e+09	1.747122e+00	2.988956e-01	
51  553.542	8.323309e+01	2.473882e+00	9.487624e-05	9.000251e-10	9.997664e+03	1.000000e+09	1.749515e+00	2.994804e-01	
77  553.124	8.351077e+01	2.471760e+00	9.502543e-05	9.000228e-10	9.997574e+03	1.000000e+09	1.745414e+00	2.992129e-01	
441  552.353	8.341155e+01	2.495524e+00	9.506601e-05	9.000381e-10	9.996444e+03	1.000000e+09	1.741673e+00	2.996389e-01	
277  553.661	8.315962e+01	2.465101e+00	9.494645e-05	9.000387e-10	9.995795e+03	1.000000e+09	1.745761e+00	2.994166e-01	
97  552.988	8.350236e+01	2.476390e+00	9.488951e-05	9.000395e-10	9.997014e+03	1.000000e+09	1.744251e+00	2.992865e-01	
158  553.61	8.338973e+01	2.485248e+00	9.483561e-05	9.000343e-10	9.996533e+03	1.000000e+09	1.756244e+00	2.995098e-01	
1099  552.531	8.347770e+01	2.491011e+00	9.499589e-05	9.000208e-10	9.995796e+03	1.000000e+09	1.739885e+00	2.995173e-01	
51  553.444	8.349226e+01	2.485129e+00	9.496030e-05	9.000210e-10	9.995336e+03	1.000000e+09	1.752936e+00	2.994204e-01	
10  553.515	8.326253e+01	2.501262e+00	9.488618e-05	9.000148e-10	9.996392e+03	1.000000e+09	1.752711e+00	2.998501e-01	
73  552.563	8.337405e+01	2.531291e+00	9.500492e-05	9.000101e-10	9.995622e+03	1.000000e+09	1.748078e+00	3.001857e-01	
286  552.957	8.347629e+01	2.559055e+00	9.502633e-05	9.000051e-10	9.995624e+03	1.000000e+09	1.753012e+00	3.004949e-01	
419  552.189	8.348736e+01	2.560138e+00	9.491263e-05	9.000057e-10	9.995007e+03	1.000000e+09	1.738806e+00	3.005007e-01	
38  554.44	8.299390e+01	2.571052e+00	9.485285e-05	9.000018e-10	9.995123e+03	1.000000e+09	1.746638e+00	3.010973e-01	
202  551.945	8.339947e+01	2.553309e+00	9.489139e-05	9.000003e-10	9.994283e+03	1.000000e+09	1.741307e+00	3.004800e-01	
35  554.961	8.368033e+01	2.565563e+00	9.495168e-05	9.000026e-10	9.994796e+03	1.000000e+09	1.768923e+00	3.004090e-01	
191  554.116	8.300958e+01	2.557992e+00	9.503541e-05	9.000024e-10	9.995093e+03	1.000000e+09	1.744913e+00	3.008936e-01	
122  551.919	8.335942e+01	2.529106e+00	9.505829e-05	8.999987e-10	9.993542e+03	1.000000e+09	1.740103e+00	3.001670e-01	
1  553.544	8.325080e+01	2.534871e+00	9.515595e-05	8.999916e-10	9.994762e+03	1.000000e+09	1.754951e+00	3.003452e-01	
53  553.729	8.352615e+01	2.532109e+00	9.514514e-05	8.999957e-10	9.995041e+03	1.000000e+09	1.759539e+00	3.000649e-01	
309  552.415	8.348320e+01	2.547864e+00	9.515270e-05	8.999976e-10	9.995254e+03	1.000000e+09	1.742558e+00	3.003283e-01	
55  555.796	8.376604e+01	2.559016e+00	9.509432e-05	9.000024e-10	9.995730e+03	1.000000e+09	1.769000e+00	3.002408e-01	
100  556.187	8.380943e+01	2.557368e+00	9.503238e-05	9.000066e-10	9.995176e+03	1.000000e+09	1.759865e+00	3.001796e-01	
108  554.633	8.328060e+01	2.552661e+00	9.496220e-05	9.000052e-10	9.994220e+03	1.000000e+09	1.766898e+00	3.005755e-01	
24  555.426	8.376136e+01	2.562872e+00	9.490970e-05	9.000067e-10	9.994562e+03	1.000000e+09	1.752115e+00	3.002998e-01	
4  555.975	8.372439e+01	2.560803e+00	9.475281e-05	9.000097e-10	9.994054e+03	1.000000e+09	1.783026e+00	3.003026e-01	
54  554.404	8.351936e+01	2.553650e+00	9.481318e-05	9.000018e-10	9.993218e+03	1.000000e+09	1.770902e+00	3.003796e-01	
84  553.455	8.356536e+01	2.556292e+00	9.476317e-05	9.000057e-10	9.992553e+03	1.000000e+09	1.753587e+00	3.003771e-01	
1164  552.344	8.328156e+01	2.545266e+00	9.461693e-05	9.000153e-10	9.992927e+03	1.000000e+09	1.745753e+00	3.004681e-01	
396  552.135	8.336331e+01	2.561939e+00	9.465672e-05	9.000234e-10	9.992530e+03	1.000000e+09	1.745463e+00	3.006360e-01	
184  552.985	8.306929e+01	2.578655e+00	9.472000e-05	9.000315e-10	9.992676e+03	1.000000e+09	1.743030e+00	3.011397e-01	
462  552.067	8.317542e+01	2.556299e+00	9.468148e-05	9.000466e-10	9.992719e+03	1.000000e+09	1.740221e+00	3.007213e-01	
302  552.018	8.345418e+01	2.555541e+00	9.466088e-05	9.000491e-10	9.992101e+03	1.000000e+09	1.738992e+00	3.004639e-01	
27  553.495	8.354430e+01	2.568242e+00	9.455273e-05	9.000511e-10	9.990284e+03	1.000000e+09	1.757755e+00	3.005668e-01	
21  555.211	8.375042e+01	2.579961e+00	9.450340e-05	9.000409e-10	9.990027e+03	1.000000e+09	1.738706e+00	3.005530e-01	
5  556.251	8.338143e+01	2.595869e+00	9.441610e-05	9.000412e-10	9.989683e+03	1.000000e+09	1.788767e+00	3.011081e-01	
325  555.031	8.372676e+01	2.603198e+00	9.438008e-05	9.000429e-10	9.988658e+03	1.000000e+09	1.762390e+00	3.009052e-01	
34  553.817	8.358254e+01	2.579394e+00	9.422348e-05	9.000332e-10	9.989078e+03	1.000000e+09	1.760761e+00	3.006928e-01	
4  553.862	8.345601e+01	2.581202e+00	9.408739e-05	9.000187e-10	9.988426e+03	1.000000e+09	1.767203e+00	3.008308e-01	
110  553.675	8.322440e+01	2.557950e+00	9.406548e-05	9.000140e-10	9.988481e+03	1.000000e+09	1.756427e+00	3.007016e-01	
128  552.044	8.325736e+01	2.558092e+00	9.396347e-05	9.000037e-10	9.987117e+03	1.000000e+09	1.743114e+00	3.006744e-01	
13  552.245	8.346924e+01	2.531982e+00	9.386803e-05	8.999995e-10	9.986651e+03	1.000000e+09	1.739391e+00	3.001126e-01	
4  552.398	8.320133e+01	2.533585e+00	9.381075e-05	9.000083e-10	9.987502e+03	1.000000e+09	1.742598e+00	3.003701e-01	
93  554.336	8.353181e+01	2.552796e+00	9.370720e-05	9.000011e-10	9.987874e+03	1.000000e+09	1.769662e+00	3.003564e-01	
17  556.403	8.378621e+01	2.524493e+00	9.375855e-05	9.000021e-10	9.987672e+03	1.000000e+09	1.777484e+00	2.997314e-01	
107  556.455	8.353108e+01	2.514815e+00	9.367733e-05	9.000029e-10	9.987206e+03	1.000000e+09	1.790488e+00	2.998127e-01	
61  556.638	8.378296e+01	2.493450e+00	9.365090e-05	9.000006e-10	9.988576e+03	1.000000e+09	1.780789e+00	2.992920e-01	
4  554.197	8.363272e+01	2.478748e+00	9.364294e-05	8.999999e-10	9.989227e+03	1.000000e+09	1.750581e+00	2.992095e-01	
13  554.478	8.365513e+01	2.484943e+00	9.358990e-05	8.999966e-10	9.988207e+03	1.000000e+09	1.753405e+00	2.992791e-01	
21  554.642	8.368724e+01	2.475379e+00	9.362883e-05	9.000047e-10	9.987528e+03	1.000000e+09	1.746491e+00	2.991153e-01	
138  554.972	8.362514e+01	2.511752e+00	9.385243e-05	9.000051e-10	9.988081e+03	1.000000e+09	1.770593e+00	2.996879e-01	
51  553.345	8.341139e+01	2.530097e+00	9.386059e-05	8.999941e-10	9.989389e+03	1.000000e+09	1.757066e+00	3.001359e-01	
34  553.734	8.320123e+01	2.492326e+00	9.377601e-05	9.000028e-10	9.989022e+03	1.000000e+09	1.750776e+00	2.997742e-01	
14  558.729	8.284333e+01	2.502885e+00	9.370504e-05	8.999940e-10	9.989268e+03	1.000000e+09	1.751849e+00	3.002398e-01	
57  557.651	8.373168e+01	2.527417e+00	9.381397e-05	8.999744e-10	9.989991e+03	1.000000e+09	1.805476e+00	2.998200e-01	
25  554.586	8.363702e+01	2.528195e+00	9.382203e-05	8.999685e-10	9.988872e+03	1.000000e+09	1.763871e+00	2.999128e-01	
37  554.699	8.348080e+01	2.516762e+00	9.376435e-05	8.999771e-10	9.989391e+03	1.000000e+09	1.771532e+00	2.998841e-01	
25  552.118	8.333401e+01	2.514752e+00	9.366437e-05	8.999823e-10	9.987958e+03	1.000000e+09	1.741587e+00	2.999825e-01	
1316  552.624	8.324374e+01	2.498141e+00	9.368325e-05	8.999824e-10	9.988506e+03	1.000000e+09	1.743689e+00	2.998214e-01	
42  553.6	8.314549e+01	2.489527e+00	9.375270e-05	8.999860e-10	9.988603e+03	1.000000e+09	1.746201e+00	2.997820e-01	
13  556.998	8.327103e+01	2.501655e+00	9.364793e-05	8.999894e-10	9.988306e+03	1.000000e+09	1.780305e+00	2.998484e-01	
8  557.872	8.297939e+01	2.489061e+00	9.360077e-05	8.999870e-10	9.987360e+03	1.000000e+09	1.759976e+00	2.999195e-01	
26  558.527	8.386327e+01	2.490329e+00	9.364821e-05	8.999922e-10	9.987346e+03	1.000000e+09	1.807182e+00	2.991796e-01	
11  556.843	8.327379e+01	2.459256e+00	9.351052e-05	8.999895e-10	9.988480e+03	1.000000e+09	1.776308e+00	2.992346e-01	
54  556.359	8.359364e+01	2.460231e+00	9.351727e-05	8.999827e-10	9.988228e+03	1.000000e+09	1.785860e+00	2.989777e-01	
1  557.157	8.382749e+01	2.445047e+00	9.339146e-05	8.999806e-10	9.988006e+03	1.000000e+09	1.778057e+00	2.985655e-01	
141  553.978	8.344450e+01	2.397271e+00	9.343109e-05	8.999728e-10	9.989167e+03	1.000000e+09	1.753547e+00	2.981994e-01	
76  553.843	8.350257e+01	2.407293e+00	9.343186e-05	8.999719e-10	9.989468e+03	1.000000e+09	1.751421e+00	2.982953e-01	
63  552.883	8.338173e+01	2.401470e+00	9.352715e-05	8.999692e-10	9.990857e+03	1.000000e+09	1.741290e+00	2.983117e-01	
146  553.954	8.335138e+01	2.429331e+00	9.341336e-05	8.999691e-10	9.990906e+03	1.000000e+09	1.754545e+00	2.987379e-01	
214  552.813	8.341067e+01	2.413361e+00	9.347305e-05	8.999710e-10	9.990346e+03	1.000000e+09	1.740975e+00	2.984586e-01	
588  552.649	8.335268e+01	2.429853e+00	9.351050e-05	8.999630e-10	9.990742e+03	1.000000e+09	1.740916e+00	2.987443e-01	
115  552.654	8.344455e+01	2.453975e+00	9.350972e-05	8.999771e-10	9.990662e+03	1.000000e+09	1.740958e+00	2.990138e-01	
231  552.721	8.341765e+01	2.481673e+00	9.356223e-05	8.999848e-10	9.991556e+03	1.000000e+09	1.745312e+00	2.994345e-01	
1  556.013	8.367818e+01	2.429488e+00	9.356023e-05	8.999943e-10	9.990740e+03	1.000000e+09	1.775771e+00	2.984675e-01	
12  555.431	8.354645e+01	2.387330e+00	9.358262e-05	9.000051e-10	9.990800e+03	1.000000e+09	1.769216e+00	2.979730e-01	
89  554.316	8.350374e+01	2.420467e+00	9.351200e-05	8.999957e-10	9.989698e+03	1.000000e+09	1.758876e+00	2.984833e-01	
8  556.489	8.321297e+01	2.446940e+00	9.339536e-05	9.000058e-10	9.989449e+03	1.000000e+09	1.768579e+00	2.991086e-01	
145  554.746	8.332585e+01	2.425654e+00	9.337322e-05	8.999981e-10	9.989230e+03	1.000000e+09	1.760549e+00	2.987064e-01	
581  552.87	8.324816e+01	2.410044e+00	9.336709e-05	9.000109e-10	9.991037e+03	1.000000e+09	1.739454e+00	2.985463e-01	
38  554.097	8.358949e+01	2.401795e+00	9.338463e-05	9.000167e-10	9.990973e+03	1.000000e+09	1.747982e+00	2.981449e-01	
125  553.312	8.324503e+01	2.377700e+00	9.344037e-05	9.000190e-10	9.991345e+03	1.000000e+09	1.740879e+00	2.980822e-01	
161  554.12	8.357535e+01	2.367051e+00	9.343279e-05	9.000279e-10	9.990867e+03	1.000000e+09	1.746837e+00	2.976591e-01	
176  554.347	8.325529e+01	2.377089e+00	9.334948e-05	9.000209e-10	9.991745e+03	1.000000e+09	1.750144e+00	2.980649e-01	
25  553.799	8.355726e+01	2.391803e+00	9.336905e-05	9.000238e-10	9.991404e+03	1.000000e+09	1.745293e+00	2.980283e-01	
95  554.693	8.364718e+01	2.398131e+00	9.343657e-05	9.000444e-10	9.992030e+03	1.000000e+09	1.751071e+00	2.980451e-01	
109  553.355	8.335773e+01	2.415900e+00	9.349408e-05	9.000467e-10	9.990897e+03	1.000000e+09	1.747600e+00	2.985393e-01	
98  553.197	8.349371e+01	2.390058e+00	9.359834e-05	9.000537e-10	9.989274e+03	1.000000e+09	1.740610e+00	2.980554e-01	
660  553.709	8.317941e+01	2.387243e+00	9.363950e-05	9.000455e-10	9.989706e+03	1.000000e+09	1.741619e+00	2.982743e-01	
155  554.026	8.356336e+01	2.376691e+00	9.362365e-05	9.000480e-10	9.989450e+03	1.000000e+09	1.747333e+00	2.978068e-01	
200  554.046	8.356501e+01	2.388893e+00	9.359987e-05	9.000497e-10	9.989398e+03	1.000000e+09	1.748680e+00	2.979802e-01	
27  554.831	8.337910e+01	2.371541e+00	9.356900e-05	9.000560e-10	9.989032e+03	1.000000e+09	1.759266e+00	2.978834e-01	
284  555.749	8.371703e+01	2.370660e+00	9.363406e-05	9.000333e-10	9.988611e+03	1.000000e+09	1.759338e+00	2.975960e-01	
100  554.997	8.303534e+01	2.369604e+00	9.361276e-05	9.000235e-10	9.988786e+03	1.000000e+09	1.739462e+00	2.981383e-01	
20  555.654	8.365228e+01	2.370934e+00	9.375653e-05	9.000199e-10	9.989274e+03	1.000000e+09	1.766551e+00	2.976523e-01	
83  555.886	8.369799e+01	2.387286e+00	9.364816e-05	9.000192e-10	9.989780e+03	1.000000e+09	1.767435e+00	2.978487e-01	
188  556.429	8.294179e+01	2.360260e+00	9.356995e-05	9.000229e-10	9.989836e+03	1.000000e+09	1.739432e+00	2.980801e-01	
152  553.631	8.333652e+01	2.343259e+00	9.353602e-05	9.000210e-10	9.988798e+03	1.000000e+09	1.744315e+00	2.975110e-01	
85  555.408	8.363966e+01	2.378968e+00	9.365791e-05	9.000374e-10	9.989555e+03	1.000000e+09	1.764287e+00	2.977773e-01	
39  555.04	8.366908e+01	2.375683e+00	9.370848e-05	9.000375e-10	9.988984e+03	1.000000e+09	1.752603e+00	2.977065e-01	
91  556.282	8.323279e+01	2.371470e+00	9.383889e-05	9.000376e-10	9.988729e+03	1.000000e+09	1.763081e+00	2.980024e-01	
5  556.403	8.355076e+01	2.349064e+00	9.381174e-05	9.000322e-10	9.989350e+03	1.000000e+09	1.777007e+00	2.974214e-01	
1  557.469	8.384425e+01	2.373852e+00	9.368959e-05	9.000384e-10	9.988540e+03	1.000000e+09	1.773374e+00	2.975388e-01	
75  556.881	8.352924e+01	2.350993e+00	9.363958e-05	9.000186e-10	9.988917e+03	1.000000e+09	1.781587e+00	2.974663e-01	
25  555.715	8.348709e+01	2.358480e+00	9.374751e-05	9.000154e-10	9.989139e+03	1.000000e+09	1.769674e+00	2.976078e-01	
2  554.439	8.359807e+01	2.336183e+00	9.370746e-05	9.000132e-10	9.990171e+03	1.000000e+09	1.747151e+00	2.971990e-01	
46  553.643	8.351263e+01	2.349679e+00	9.378254e-05	9.000257e-10	9.991361e+03	1.000000e+09	1.742765e+00	2.974609e-01	
6  554.248	8.325379e+01	2.352607e+00	9.370059e-05	9.000180e-10	9.991870e+03	1.000000e+09	1.747427e+00	2.977130e-01	
480  555.364	8.362167e+01	2.371332e+00	9.368248e-05	9.000095e-10	9.993052e+03	1.000000e+09	1.764259e+00	2.976828e-01	
233  556.12	8.303328e+01	2.366086e+00	9.379914e-05	9.000143e-10	9.993616e+03	1.000000e+09	1.746107e+00	2.980890e-01	
110  553.778	8.329632e+01	2.354338e+00	9.383519e-05	9.000160e-10	9.994112e+03	1.000000e+09	1.745331e+00	2.977033e-01	
35  554.329	8.361936e+01	2.326902e+00	9.386125e-05	9.000180e-10	9.992682e+03	1.000000e+09	1.740202e+00	2.970492e-01	
21  554.874	8.367128e+01	2.318336e+00	9.392417e-05	9.000195e-10	9.993130e+03	1.000000e+09	1.740609e+00	2.968856e-01	
5  555.859	8.323915e+01	2.317504e+00	9.393381e-05	9.000110e-10	9.992627e+03	1.000000e+09	1.756527e+00	2.972183e-01	
19  554.895	8.356760e+01	2.319725e+00	9.395659e-05	9.000204e-10	9.993381e+03	1.000000e+09	1.755797e+00	2.969877e-01	
163  554.737	8.358477e+01	2.299939e+00	9.397036e-05	9.000099e-10	9.992475e+03	1.000000e+09	1.750431e+00	2.966908e-01	
241  554.694	8.352530e+01	2.307809e+00	9.399633e-05	9.000033e-10	9.991128e+03	1.000000e+09	1.753670e+00	2.968505e-01	
149  553.56	8.344368e+01	2.294482e+00	9.400814e-05	9.000063e-10	9.990114e+03	1.000000e+09	1.739935e+00	2.967239e-01	
429  554.311	8.338580e+01	2.305866e+00	9.395775e-05	9.000008e-10	9.989769e+03	1.000000e+09	1.749299e+00	2.969334e-01	
188  554.512	8.353122e+01	2.333692e+00	9.388781e-05	9.000050e-10	9.990385e+03	1.000000e+09	1.753227e+00	2.972168e-01	
111  555.264	8.342901e+01	2.345964e+00	9.394257e-05	9.000124e-10	9.989841e+03	1.000000e+09	1.762887e+00	2.974751e-01	
15  554.505	8.341327e+01	2.355375e+00	9.408247e-05	9.000162e-10	9.989541e+03	1.000000e+09	1.755705e+00	2.976231e-01	
13  554.528	8.350073e+01	2.342800e+00	9.393261e-05	9.000192e-10	9.989638e+03	1.000000e+09	1.755091e+00	2.973718e-01	
203  554.695	8.333845e+01	2.343374e+00	9.403205e-05	9.000203e-10	9.990205e+03	1.000000e+09	1.754387e+00	2.975111e-01	
1412  553.26	8.328797e+01	2.337625e+00	9.399020e-05	9.000199e-10	9.989463e+03	1.000000e+09	1.738930e+00	2.974691e-01	
55  553.739	8.316840e+01	2.364018e+00	9.402441e-05	9.000167e-10	9.990280e+03	1.000000e+09	1.739521e+00	2.979477e-01	
38  554.519	8.364127e+01	2.363961e+00	9.401665e-05	9.000145e-10	9.989733e+03	1.000000e+09	1.744202e+00	2.975615e-01	
107  554.129	8.352058e+01	2.378115e+00	9.403252e-05	9.000168e-10	9.988474e+03	1.000000e+09	1.752154e+00	2.978621e-01	
267  554.121	8.342052e+01	2.402536e+00	9.400868e-05	9.000123e-10	9.988548e+03	1.000000e+09	1.755506e+00	2.982949e-01	
50  557.526	8.387417e+01	2.411455e+00	9.398487e-05	9.000142e-10	9.988176e+03	1.000000e+09	1.747924e+00	2.980492e-01	
34  558.576	8.355704e+01	2.405432e+00	9.404262e-05	9.000156e-10	9.988129e+03	1.000000e+09	1.802215e+00	2.982237e-01	
7  557.778	8.383412e+01	2.385429e+00	9.407383e-05	9.000211e-10	9.987906e+03	1.000000e+09	1.785631e+00	2.977117e-01	
55  556.828	8.359409e+01	2.386563e+00	9.407977e-05	9.000274e-10	9.987113e+03	1.000000e+09	1.785008e+00	2.979231e-01	
13  557.071	8.324764e+01	2.391267e+00	9.405392e-05	9.000301e-10	9.986870e+03	1.000000e+09	1.771078e+00	2.982758e-01	
14  555.806	8.333403e+01	2.392463e+00	9.398793e-05	9.000401e-10	9.986884e+03	1.000000e+09	1.767303e+00	2.982216e-01	
37  557.902	8.389532e+01	2.378903e+00	9.405195e-05	9.000541e-10	9.986859e+03	1.000000e+09	1.759562e+00	2.975695e-01	
41  555.957	8.327062e+01	2.421520e+00	9.415307e-05	9.000645e-10	9.986666e+03	1.000000e+09	1.766900e+00	2.986931e-01	
20  556.441	8.367214e+01	2.447088e+00	9.416867e-05	9.000585e-10	9.985239e+03	1.000000e+09	1.784189e+00	2.987239e-01	
39  558.706	8.311328e+01	2.423582e+00	9.418858e-05	9.000650e-10	9.984307e+03	1.000000e+09	1.772600e+00	2.988553e-01	
46  553.978	8.317005e+01	2.405056e+00	9.421317e-05	9.000614e-10	9.984391e+03	1.000000e+09	1.744461e+00	2.985396e-01	
21  554.582	8.349078e+01	2.413229e+00	9.418042e-05	9.000509e-10	9.984461e+03	1.000000e+09	1.761722e+00	2.983902e-01	
24  552.887	8.346528e+01	2.420934e+00	9.412903e-05	9.000517e-10	9.984306e+03	1.000000e+09	1.740409e+00	2.985220e-01	
67  553.506	8.338258e+01	2.435240e+00	9.421953e-05	9.000607e-10	9.983378e+03	1.000000e+09	1.751069e+00	2.987967e-01	
90  554.072	8.322467e+01	2.418930e+00	9.413444e-05	9.000594e-10	9.983725e+03	1.000000e+09	1.749380e+00	2.986943e-01	
112  552.774	8.343355e+01	2.409405e+00	9.427555e-05	9.000670e-10	9.983234e+03	1.000000e+09	1.739370e+00	2.983828e-01	
43  554.64	8.352795e+01	2.385876e+00	9.416738e-05	9.000622e-10	9.984314e+03	1.000000e+09	1.759543e+00	2.979674e-01	
61  555.964	8.361816e+01	2.354551e+00	9.414900e-05	9.000584e-10	9.984713e+03	1.000000e+09	1.771626e+00	2.974456e-01	
6  553.968	8.347882e+01	2.356357e+00	9.408948e-05	9.000720e-10	9.984473e+03	1.000000e+09	1.749556e+00	2.975840e-01	
120  555.516	8.371698e+01	2.393926e+00	9.412921e-05	9.000656e-10	9.984713e+03	1.000000e+09	1.755573e+00	2.979280e-01	
146  554.639	8.368621e+01	2.431349e+00	9.412821e-05	9.000591e-10	9.984013e+03	1.000000e+09	1.739982e+00	2.984874e-01	
176  552.766	8.329174e+01	2.437731e+00	9.424873e-05	9.000571e-10	9.983953e+03	1.000000e+09	1.741920e+00	2.989091e-01	
254  553.379	8.311227e+01	2.441086e+00	9.433789e-05	9.000497e-10	9.982966e+03	1.000000e+09	1.738910e+00	2.991095e-01	
34  554.512	8.304819e+01	2.455050e+00	9.442458e-05	9.000474e-10	9.983748e+03	1.000000e+09	1.743322e+00	2.993666e-01	
115  556.003	8.374051e+01	2.445189e+00	9.443940e-05	9.000592e-10	9.983599e+03	1.000000e+09	1.768855e+00	2.986398e-01	
40  555.047	8.357063e+01	2.463704e+00	9.453093e-05	9.000562e-10	9.983834e+03	1.000000e+09	1.770346e+00	2.990468e-01	
88  552.85	8.321979e+01	2.452841e+00	9.450587e-05	9.000574e-10	9.984547e+03	1.000000e+09	1.741354e+00	2.991880e-01	
381  552.917	8.344044e+01	2.453740e+00	9.451697e-05	9.000640e-10	9.985282e+03	1.000000e+09	1.744893e+00	2.990139e-01	
200  552.724	8.323799e+01	2.443806e+00	9.455024e-05	9.000721e-10	9.984624e+03	1.000000e+09	1.740284e+00	2.990421e-01	
98  553.276	8.333777e+01	2.425363e+00	9.455656e-05	9.000792e-10	9.984948e+03	1.000000e+09	1.747161e+00	2.986922e-01	
107  555.424	8.364301e+01	2.406930e+00	9.448316e-05	9.000725e-10	9.985128e+03	1.000000e+09	1.766867e+00	2.981743e-01	
109  553.49	8.342755e+01	2.426685e+00	9.435928e-05	9.000732e-10	9.985612e+03	1.000000e+09	1.750275e+00	2.986360e-01	
322  552.889	8.321458e+01	2.421159e+00	9.440350e-05	9.000769e-10	9.985091e+03	1.000000e+09	1.739105e+00	2.987349e-01	
13  554.11	8.310690e+01	2.394191e+00	9.430903e-05	9.000876e-10	9.985448e+03	1.000000e+09	1.740536e+00	2.984351e-01	
51  557.338	8.300339e+01	2.419507e+00	9.442574e-05	9.000854e-10	9.985844e+03	1.000000e+09	1.754397e+00	2.988891e-01	
64  555.926	8.377292e+01	2.405897e+00	9.456708e-05	9.000819e-10	9.985365e+03	1.000000e+09	1.744005e+00	2.980529e-01	
309  555.1	8.335472e+01	2.407056e+00	9.435070e-05	9.000892e-10	9.986386e+03	1.000000e+09	1.763481e+00	2.984145e-01	
13  553.159	8.318484e+01	2.411881e+00	9.436715e-05	9.000875e-10	9.986011e+03	1.000000e+09	1.739284e+00	2.986259e-01	
102  552.678	8.326198e+01	2.440899e+00	9.422548e-05	9.000895e-10	9.985959e+03	1.000000e+09	1.740467e+00	2.989799e-01	
23  553.176	8.345499e+01	2.431976e+00	9.432138e-05	9.000877e-10	9.987564e+03	1.000000e+09	1.746101e+00	2.986891e-01	
56  555.412	8.373080e+01	2.425976e+00	9.433156e-05	9.000842e-10	9.988085e+03	1.000000e+09	1.750660e+00	2.983738e-01	
5  556.335	8.295420e+01	2.427363e+00	9.429167e-05	9.000743e-10	9.988799e+03	1.000000e+09	1.744657e+00	2.990449e-01	
41  557.465	8.329354e+01	2.422571e+00	9.427091e-05	9.000837e-10	9.988688e+03	1.000000e+09	1.779392e+00	2.986890e-01	
16  556.187	8.378379e+01	2.414386e+00	9.435831e-05	9.000827e-10	9.989958e+03	1.000000e+09	1.755087e+00	2.981650e-01	
55  555.967	8.304655e+01	2.405523e+00	9.433616e-05	9.000861e-10	9.990376e+03	1.000000e+09	1.749049e+00	2.986499e-01	
28  555.864	8.362173e+01	2.398083e+00	9.440892e-05	9.000810e-10	9.989982e+03	1.000000e+09	1.773936e+00	2.980653e-01	
40  556.133	8.306686e+01	2.388653e+00	9.430555e-05	9.000820e-10	9.990579e+03	1.000000e+09	1.750600e+00	2.983883e-01	
200  554.448	8.331048e+01	2.405163e+00	9.427623e-05	9.000817e-10	9.990923e+03	1.000000e+09	1.755728e+00	2.984240e-01	
25  555.81	8.376353e+01	2.386760e+00	9.432344e-05	9.000761e-10	9.990731e+03	1.000000e+09	1.739991e+00	2.977879e-01	
193  555.241	8.340547e+01	2.363707e+00	9.438903e-05	9.000738e-10	9.991084e+03	1.000000e+09	1.763356e+00	2.977492e-01	
100  553.628	8.356440e+01	2.394652e+00	9.433232e-05	9.000761e-10	9.990049e+03	1.000000e+09	1.741212e+00	2.980632e-01	
234  553.145	8.351236e+01	2.414580e+00	9.428943e-05	9.000878e-10	9.990672e+03	1.000000e+09	1.740293e+00	2.983917e-01	
116  553.534	8.341536e+01	2.418020e+00	9.436008e-05	9.000848e-10	9.992864e+03	1.000000e+09	1.750154e+00	2.985217e-01	
16  558.343	8.284188e+01	2.391407e+00	9.435945e-05	9.001031e-10	9.993620e+03	1.000000e+09	1.742176e+00	2.986167e-01	
4  555.46	8.359903e+01	2.377699e+00	9.440273e-05	9.001104e-10	9.994438e+03	1.000000e+09	1.767483e+00	2.977922e-01	
38  555.91	8.374813e+01	2.369150e+00	9.439935e-05	9.001164e-10	9.995083e+03	1.000000e+09	1.754700e+00	2.975493e-01	
172  555.555	8.372735e+01	2.371589e+00	9.437954e-05	9.001135e-10	9.995616e+03	1.000000e+09	1.750348e+00	2.976009e-01	
298  553.957	8.345736e+01	2.353251e+00	9.447500e-05	9.001100e-10	9.994651e+03	1.000000e+09	1.749568e+00	2.975568e-01	
17  553.804	8.346664e+01	2.362762e+00	9.454069e-05	9.001039e-10	9.994977e+03	1.000000e+09	1.748272e+00	2.976858e-01	
15  554.758	8.361141e+01	2.359659e+00	9.437612e-05	9.001062e-10	9.995519e+03	1.000000e+09	1.753865e+00	2.975241e-01	
75  553.429	8.334899e+01	2.376649e+00	9.436998e-05	9.001049e-10	9.995425e+03	1.000000e+09	1.745131e+00	2.979816e-01	
12  553.646	8.328824e+01	2.361172e+00	9.432478e-05	9.001011e-10	9.994152e+03	1.000000e+09	1.744341e+00	2.978084e-01	
133  553.623	8.320008e+01	2.344131e+00	9.438219e-05	9.001020e-10	9.993792e+03	1.000000e+09	1.738900e+00	2.976344e-01	
130  554.192	8.319679e+01	2.343782e+00	9.439266e-05	9.000948e-10	9.994060e+03	1.000000e+09	1.743232e+00	2.976320e-01	
227  553.034	8.337411e+01	2.347859e+00	9.440446e-05	9.000918e-10	9.994079e+03	1.000000e+09	1.738755e+00	2.975468e-01	
21  554.927	8.368819e+01	2.356903e+00	9.436801e-05	9.000825e-10	9.993913e+03	1.000000e+09	1.740887e+00	2.974228e-01	
7  555.074	8.326063e+01	2.368498e+00	9.437082e-05	9.000819e-10	9.993791e+03	1.000000e+09	1.755633e+00	2.979366e-01	
170  554.274	8.314232e+01	2.372412e+00	9.440819e-05	9.000877e-10	9.993273e+03	1.000000e+09	1.742555e+00	2.980905e-01	
85  553.708	8.354775e+01	2.376534e+00	9.453347e-05	9.000835e-10	9.993461e+03	1.000000e+09	1.743204e+00	2.978173e-01	
53  553.976	8.327305e+01	2.363196e+00	9.451108e-05	9.000710e-10	9.994418e+03	1.000000e+09	1.746814e+00	2.978500e-01	
8  556.352	8.338698e+01	2.351328e+00	9.446932e-05	9.000748e-10	9.994486e+03	1.000000e+09	1.771385e+00	2.975862e-01	
169  555.968	8.298876e+01	2.363337e+00	9.456487e-05	9.000829e-10	9.993975e+03	1.000000e+09	1.741153e+00	2.980859e-01	
73  554.533	8.352022e+01	2.361484e+00	9.464380e-05	9.000858e-10	9.994561e+03	1.000000e+09	1.756278e+00	2.976240e-01	
27  556.775	8.368995e+01	2.400819e+00	9.460950e-05	9.000872e-10	9.993211e+03	1.000000e+09	1.783978e+00	2.980485e-01	
545  553.473	8.324116e+01	2.420583e+00	9.453747e-05	9.000830e-10	9.993966e+03	1.000000e+09	1.745337e+00	2.987043e-01	
22  553.225	8.340078e+01	2.410709e+00	9.452802e-05	9.000910e-10	9.992410e+03	1.000000e+09	1.745996e+00	2.984287e-01	
156  553.057	8.326456e+01	2.442041e+00	9.442499e-05	9.000846e-10	9.991706e+03	1.000000e+09	1.744205e+00	2.989942e-01	
191  553.352	8.321302e+01	2.435246e+00	9.446579e-05	9.000850e-10	9.992067e+03	1.000000e+09	1.744051e+00	2.989397e-01	
2  553.585	8.305981e+01	2.476570e+00	9.446836e-05	9.000892e-10	9.992607e+03	1.000000e+09	1.739379e+00	2.996685e-01	
32  553	8.353098e+01	2.472160e+00	9.433100e-05	9.000924e-10	9.992259e+03	1.000000e+09	1.740750e+00	2.992015e-01	
81  554.515	8.367511e+01	2.470048e+00	9.436618e-05	9.000942e-10	9.993701e+03	1.000000e+09	1.746196e+00	2.990494e-01	
78  554.692	8.318288e+01	2.496709e+00	9.434563e-05	9.000872e-10	9.993673e+03	1.000000e+09	1.757314e+00	2.998534e-01	
321  553.231	8.338028e+01	2.484890e+00	9.428210e-05	9.000961e-10	9.992671e+03	1.000000e+09	1.751996e+00	2.995128e-01	
137  553.378	8.330935e+01	2.503463e+00	9.418680e-05	9.000992e-10	9.993590e+03	1.000000e+09	1.753447e+00	2.998413e-01	
27  553.5	8.329973e+01	2.495708e+00	9.421266e-05	9.000956e-10	9.992966e+03	1.000000e+09	1.753660e+00	2.997379e-01	
81  554.219	8.311986e+01	2.503769e+00	9.415416e-05	9.000871e-10	9.993619e+03	1.000000e+09	1.750084e+00	3.000104e-01	
31  552.235	8.323663e+01	2.497008e+00	9.413425e-05	9.000912e-10	9.994419e+03	1.000000e+09	1.739693e+00	2.998112e-01	
133  552.635	8.346452e+01	2.489883e+00	9.410196e-05	9.000868e-10	9.993908e+03	1.000000e+09	1.742627e+00	2.995124e-01	
32  553.155	8.343052e+01	2.484300e+00	9.416436e-05	9.000917e-10	9.994613e+03	1.000000e+09	1.750877e+00	2.994613e-01	
359  553.276	8.356477e+01	2.473469e+00	9.419807e-05	9.000972e-10	9.995309e+03	1.000000e+09	1.741349e+00	2.991916e-01	
24  552.646	8.326978e+01	2.492732e+00	9.401657e-05	9.000938e-10	9.995615e+03	1.000000e+09	1.744365e+00	2.997208e-01	
290  553.499	8.312379e+01	2.490345e+00	9.409717e-05	9.001050e-10	9.994582e+03	1.000000e+09	1.744111e+00	2.998127e-01	
138  554.125	8.314018e+01	2.511833e+00	9.404038e-05	9.001014e-10	9.994148e+03	1.000000e+09	1.751385e+00	3.001093e-01	
59  555.5	8.354573e+01	2.512417e+00	9.407184e-05	9.001012e-10	9.993565e+03	1.000000e+09	1.780392e+00	2.997657e-01	
11  555.822	8.321784e+01	2.508179e+00	9.406859e-05	9.000955e-10	9.992778e+03	1.000000e+09	1.768715e+00	2.999887e-01	
23  554.309	8.357913e+01	2.480645e+00	9.403141e-05	9.001043e-10	9.992537e+03	1.000000e+09	1.760472e+00	2.992822e-01	
13  553.818	8.346331e+01	2.452561e+00	9.397567e-05	9.000981e-10	9.992123e+03	1.000000e+09	1.756012e+00	2.989776e-01	
53  553.096	8.344952e+01	2.483950e+00	9.403005e-05	9.000982e-10	9.993015e+03	1.000000e+09	1.749611e+00	2.994400e-01	
82  556.543	8.375326e+01	2.493122e+00	9.404636e-05	9.000923e-10	9.993907e+03	1.000000e+09	1.783579e+00	2.993125e-01	
1  555.17	8.319730e+01	2.482046e+00	9.406189e-05	9.000908e-10	9.995015e+03	1.000000e+09	1.760712e+00	2.996291e-01	
72  556.096	8.301345e+01	2.475554e+00	9.402022e-05	9.001014e-10	9.995304e+03	1.000000e+09	1.751900e+00	2.996939e-01	
7  553.873	8.346355e+01	2.504554e+00	9.403512e-05	9.001092e-10	9.996152e+03	1.000000e+09	1.760991e+00	2.997238e-01	
8  552.774	8.337780e+01	2.479889e+00	9.413775e-05	9.001037e-10	9.994993e+03	1.000000e+09	1.746386e+00	2.994430e-01	
611  552.877	8.346181e+01	2.467205e+00	9.412914e-05	9.001054e-10	9.995166e+03	1.000000e+09	1.744532e+00	2.991891e-01	
360  553.436	8.342865e+01	2.476337e+00	9.416890e-05	9.001032e-10	9.994591e+03	1.000000e+09	1.753692e+00	2.993485e-01	
39  552.712	8.344448e+01	2.438588e+00	9.417354e-05	9.001060e-10	9.994040e+03	1.000000e+09	1.740487e+00	2.987928e-01	
545  552.087	8.332454e+01	2.496603e+00	9.428174e-05	9.001049e-10	9.994167e+03	1.000000e+09	1.739770e+00	2.997293e-01	
78  553.866	8.340315e+01	2.527494e+00	9.420034e-05	9.000963e-10	9.994563e+03	1.000000e+09	1.762513e+00	3.001057e-01	
67  553.505	8.360149e+01	2.508581e+00	9.414676e-05	9.001131e-10	9.995902e+03	1.000000e+09	1.742667e+00	2.996629e-01	
110  554.295	8.360978e+01	2.529539e+00	9.413713e-05	9.000929e-10	9.995879e+03	1.000000e+09	1.761806e+00	2.999556e-01	
243  552.474	8.314673e+01	2.522474e+00	9.419372e-05	9.000935e-10	9.996812e+03	1.000000e+09	1.739769e+00	3.002575e-01	
25  555.331	8.335810e+01	2.523023e+00	9.422572e-05	9.000885e-10	9.997509e+03	1.000000e+09	1.774435e+00	3.000806e-01	
72  553.825	8.333109e+01	2.542734e+00	9.430323e-05	9.000907e-10	9.998205e+03	1.000000e+09	1.761414e+00	3.003880e-01	
88  552.332	8.347113e+01	2.540190e+00	9.433201e-05	9.000945e-10	9.999387e+03	1.000000e+09	1.741539e+00	3.002287e-01	
38  552.649	8.347854e+01	2.522827e+00	9.424678e-05	9.000844e-10	9.999397e+03	1.000000e+09	1.744768e+00	2.999731e-01	
24  552.163	8.334701e+01	2.546796e+00	9.423564e-05	9.000899e-10	9.999774e+03	1.000000e+09	1.744680e+00	3.004325e-01	
271  554.255	8.362180e+01	2.547547e+00	9.420685e-05	9.000807e-10	9.999530e+03	1.000000e+09	1.761180e+00	3.002027e-01	
85  552.982	8.356947e+01	2.534039e+00	9.425367e-05	9.000828e-10	1.000038e+04	1.000000e+09	1.739155e+00	3.000549e-01	
77  555.032	8.357762e+01	2.516707e+00	9.427487e-05	9.000888e-10	1.000007e+04	1.000000e+09	1.774491e+00	2.997997e-01	
20  553.098	8.315322e+01	2.507277e+00	9.421122e-05	9.000987e-10	1.000117e+04	1.000000e+09	1.744059e+00	3.000320e-01	
139  554.094	8.306624e+01	2.533438e+00	9.415545e-05	9.001025e-10	1.000017e+04	1.000000e+09	1.747435e+00	3.004871e-01	
370  553.059	8.322755e+01	2.523881e+00	9.418996e-05	9.001021e-10	1.000081e+04	1.000000e+09	1.748853e+00	3.002070e-01	
63  555.202	8.340865e+01	2.536980e+00	9.423763e-05	9.001091e-10	1.000115e+04	1.000000e+09	1.776514e+00	3.002372e-01	
109  553.585	8.362875e+01	2.550863e+00	9.430563e-05	9.001058e-10	1.000071e+04	1.000000e+09	1.740702e+00	3.002440e-01	
31  554.217	8.365976e+01	2.567292e+00	9.437738e-05	9.001193e-10	1.000128e+04	1.000000e+09	1.754099e+00	3.004517e-01	
8  553.565	8.352080e+01	2.540732e+00	9.439815e-05	9.001194e-10	1.000109e+04	1.000000e+09	1.758124e+00	3.001931e-01	
34  553.175	8.355427e+01	2.527531e+00	9.445603e-05	9.001117e-10	1.000177e+04	1.000000e+09	1.746502e+00	2.999749e-01	
56  553.363	8.360372e+01	2.526828e+00	9.435882e-05	9.001190e-10	1.000302e+04	1.000000e+09	1.739536e+00	2.999220e-01	
196  553.461	8.355198e+01	2.538874e+00	9.427000e-05	9.001249e-10	1.000280e+04	1.000000e+09	1.753642e+00	3.001393e-01	
11  553.504	8.329725e+01	2.538275e+00	9.419723e-05	9.001197e-10	1.000221e+04	1.000000e+09	1.756856e+00	3.003535e-01	
48  552.607	8.342806e+01	2.540675e+00	9.412366e-05	9.001270e-10	1.000193e+04	1.000000e+09	1.748451e+00	3.002733e-01	
183  552.496	8.310764e+01	2.558442e+00	9.411807e-05	9.001267e-10	1.000244e+04	1.000000e+09	1.740345e+00	3.008126e-01	
301  551.724	8.334433e+01	2.577415e+00	9.413420e-05	9.001172e-10	1.000195e+04	1.000000e+09	1.741843e+00	3.008756e-01	
73  552.935	8.332473e+01	2.586230e+00	9.406937e-05	9.001178e-10	1.000275e+04	1.000000e+09	1.755951e+00	3.010201e-01	
6  558.475	8.394381e+01	2.585142e+00	9.404877e-05	9.001053e-10	1.000261e+04	1.000000e+09	1.757070e+00	3.004572e-01	
6  554.508	8.339206e+01	2.590005e+00	9.410179e-05	9.000951e-10	1.000199e+04	1.000000e+09	1.773560e+00	3.010142e-01	
50  556.197	8.310963e+01	2.590192e+00	9.406456e-05	9.000828e-10	1.000216e+04	1.000000e+09	1.768812e+00	3.012705e-01	
52  555.01	8.298153e+01	2.575392e+00	9.410230e-05	9.000821e-10	1.000192e+04	1.000000e+09	1.749470e+00	3.011714e-01	
1  554.878	8.352818e+01	2.546540e+00	9.409658e-05	9.000863e-10	1.000181e+04	1.000000e+09	1.776012e+00	3.002699e-01	
376  551.922	8.340220e+01	2.537865e+00	9.410131e-05	9.000745e-10	1.000019e+04	1.000000e+09	1.739515e+00	3.002556e-01	
80  553.105	8.339968e+01	2.533552e+00	9.412650e-05	9.000714e-10	9.999574e+03	1.000000e+09	1.754565e+00	3.001958e-01	
53  553.355	8.325025e+01	2.552415e+00	9.419960e-05	9.000708e-10	1.000123e+04	1.000000e+09	1.754609e+00	3.005988e-01	
423  551.848	8.323770e+01	2.544218e+00	9.416001e-05	9.000585e-10	1.000026e+04	1.000000e+09	1.739566e+00	3.004916e-01	
390  552.062	8.330982e+01	2.537125e+00	9.413273e-05	9.000457e-10	1.000058e+04	1.000000e+09	1.742629e+00	3.003259e-01	
8  552.587	8.336809e+01	2.538025e+00	9.413314e-05	9.000500e-10	1.000172e+04	1.000000e+09	1.748914e+00	3.002878e-01	
70  552.662	8.354258e+01	2.550658e+00	9.422549e-05	9.000499e-10	1.000115e+04	1.000000e+09	1.738890e+00	3.003164e-01	
32  555.299	8.342833e+01	2.540073e+00	9.419059e-05	9.000514e-10	1.000228e+04	1.000000e+09	1.778352e+00	3.002645e-01	
135  552.763	8.307084e+01	2.552493e+00	9.422002e-05	9.000562e-10	1.000273e+04	1.000000e+09	1.739619e+00	3.007592e-01	
96  552.536	8.343566e+01	2.551209e+00	9.416998e-05	9.000472e-10	1.000304e+04	1.000000e+09	1.748075e+00	3.004180e-01	
80  556.523	8.382815e+01	2.568216e+00	9.420769e-05	9.000383e-10	1.000444e+04	1.000000e+09	1.744463e+00	3.003177e-01	
8  556.187	8.380328e+01	2.572799e+00	9.417560e-05	9.000361e-10	1.000523e+04	1.000000e+09	1.769214e+00	3.004046e-01	
86  556.039	8.380052e+01	2.573027e+00	9.426034e-05	9.000383e-10	1.000515e+04	1.000000e+09	1.743131e+00	3.004103e-01	
1  555.702	8.363054e+01	2.594231e+00	9.431071e-05	9.000502e-10	1.000570e+04	1.000000e+09	1.788536e+00	3.008625e-01	
186  553.22	8.334938e+01	2.596460e+00	9.435814e-05	9.000474e-10	1.000634e+04	1.000000e+09	1.760215e+00	3.011453e-01	
38  552.753	8.333926e+01	2.589133e+00	9.432590e-05	9.000538e-10	1.000665e+04	1.000000e+09	1.754591e+00	3.010489e-01	
661  551.508	8.332715e+01	2.611145e+00	9.438129e-05	9.000553e-10	1.000698e+04	1.000000e+09	1.742105e+00	3.013767e-01	
45  554.8	8.372462e+01	2.600331e+00	9.434272e-05	9.000607e-10	1.000652e+04	1.000000e+09	1.750338e+00	3.008662e-01	
37  554.536	8.369111e+01	2.615613e+00	9.437792e-05	9.000492e-10	1.000663e+04	1.000000e+09	1.760107e+00	3.011141e-01	
259  551.596	8.321978e+01	2.635542e+00	9.435738e-05	9.000545e-10	1.000616e+04	1.000000e+09	1.743544e+00	3.018261e-01	
183  551.58	8.314850e+01	2.676766e+00	9.435357e-05	9.000637e-10	1.000622e+04	1.000000e+09	1.743660e+00	3.024877e-01	
26  554.149	8.314466e+01	2.674436e+00	9.428611e-05	9.000653e-10	1.000582e+04	1.000000e+09	1.763632e+00	3.024575e-01	
2  554.802	8.308609e+01	2.685655e+00	9.430671e-05	9.000702e-10	1.000575e+04	1.000000e+09	1.764596e+00	3.026746e-01	
39  551.789	8.321666e+01	2.683496e+00	9.429459e-05	9.000708e-10	1.000508e+04	1.000000e+09	1.748933e+00	3.025214e-01	
64  551.881	8.340118e+01	2.690165e+00	9.416011e-05	9.000666e-10	1.000453e+04	1.000000e+09	1.752019e+00	3.024460e-01	
211  550.727	8.321842e+01	2.728983e+00	9.428067e-05	9.000733e-10	1.000442e+04	1.000000e+09	1.741871e+00	3.031766e-01	
42  553.153	8.334385e+01	2.731736e+00	9.427854e-05	9.000701e-10	1.000437e+04	1.000000e+09	1.769967e+00	3.030977e-01	
600  550.827	8.330341e+01	2.718126e+00	9.423090e-05	9.000715e-10	1.000387e+04	1.000000e+09	1.742572e+00	3.029398e-01	
98  552.091	8.320163e+01	2.722854e+00	9.420158e-05	9.000655e-10	1.000450e+04	1.000000e+09	1.754058e+00	3.031040e-01	
71  554.135	8.295491e+01	2.752112e+00	9.417665e-05	9.000754e-10	1.000431e+04	1.000000e+09	1.754062e+00	3.037635e-01	
16  553.856	8.334949e+01	2.755516e+00	9.419253e-05	9.000715e-10	1.000462e+04	1.000000e+09	1.778736e+00	3.034347e-01	
49  553.751	8.340253e+01	2.776872e+00	9.417773e-05	9.000552e-10	1.000380e+04	1.000000e+09	1.781046e+00	3.036913e-01	
35  552.988	8.339961e+01	2.781505e+00	9.411918e-05	9.000609e-10	1.000426e+04	1.000000e+09	1.773243e+00	3.037607e-01	
10  552.962	8.320411e+01	2.794925e+00	9.410204e-05	9.000526e-10	1.000334e+04	1.000000e+09	1.767032e+00	3.041427e-01	
114  551.892	8.325887e+01	2.790434e+00	9.422245e-05	9.000395e-10	1.000295e+04	1.000000e+09	1.759533e+00	3.040248e-01	
78  554.498	8.368529e+01	2.786193e+00	9.417734e-05	9.000443e-10	1.000362e+04	1.000000e+09	1.780670e+00	3.035551e-01	
26  551.961	8.354691e+01	2.801829e+00	9.422652e-05	9.000381e-10	1.000438e+04	1.000000e+09	1.745721e+00	3.039110e-01	
35  554.98	8.321761e+01	2.784481e+00	9.416638e-05	9.000385e-10	1.000449e+04	1.000000e+09	1.782780e+00	3.039788e-01	
3  552.176	8.340891e+01	2.795079e+00	9.425784e-05	9.000380e-10	1.000469e+04	1.000000e+09	1.764600e+00	3.039469e-01	
262  550.455	8.320381e+01	2.797407e+00	9.425755e-05	9.000405e-10	1.000362e+04	1.000000e+09	1.744002e+00	3.041788e-01	
6  552.179	8.315674e+01	2.788163e+00	9.426957e-05	9.000456e-10	1.000263e+04	1.000000e+09	1.757428e+00	3.040909e-01	
84  551.698	8.327294e+01	2.793093e+00	9.430308e-05	9.000458e-10	1.000163e+04	1.000000e+09	1.758184e+00	3.040496e-01	
29  553.055	8.333764e+01	2.796887e+00	9.437705e-05	9.000487e-10	1.000098e+04	1.000000e+09	1.773887e+00	3.040417e-01	
6  554.221	8.325279e+01	2.812288e+00	9.439898e-05	9.000585e-10	1.000148e+04	1.000000e+09	1.781323e+00	3.043460e-01	
16  554.259	8.370446e+01	2.809372e+00	9.448176e-05	9.000551e-10	1.000222e+04	1.000000e+09	1.770298e+00	3.038677e-01	
201  550.626	8.327960e+01	2.817994e+00	9.449190e-05	9.000533e-10	1.000327e+04	1.000000e+09	1.748359e+00	3.044022e-01	
64  551.429	8.308892e+01	2.805350e+00	9.447998e-05	9.000589e-10	1.000327e+04	1.000000e+09	1.748684e+00	3.044057e-01	
26  550.664	8.317091e+01	2.805353e+00	9.449471e-05	9.000454e-10	1.000279e+04	1.000000e+09	1.745797e+00	3.043257e-01	
38  552.48	8.323733e+01	2.803369e+00	9.457178e-05	9.000487e-10	1.000281e+04	1.000000e+09	1.765185e+00	3.042324e-01	
45  553.967	8.341228e+01	2.806870e+00	9.454168e-05	9.000448e-10	1.000362e+04	1.000000e+09	1.785841e+00	3.041131e-01	
164  550.339	8.328138e+01	2.790696e+00	9.455801e-05	9.000334e-10	1.000481e+04	1.000000e+09	1.742564e+00	3.040068e-01	
25  550.576	8.322796e+01	2.789109e+00	9.458858e-05	9.000299e-10	1.000582e+04	1.000000e+09	1.745099e+00	3.040356e-01	
128  551.57	8.317044e+01	2.770569e+00	9.462450e-05	9.000321e-10	1.000575e+04	1.000000e+09	1.751573e+00	3.038233e-01	
27  551.555	8.325125e+01	2.748894e+00	9.460204e-05	9.000299e-10	1.000567e+04	1.000000e+09	1.752748e+00	3.034328e-01	
56  552.529	8.326977e+01	2.748453e+00	9.467546e-05	9.000222e-10	1.000557e+04	1.000000e+09	1.762803e+00	3.034088e-01	
77  553.498	8.293980e+01	2.752071e+00	9.472339e-05	9.000148e-10	1.000550e+04	1.000000e+09	1.748740e+00	3.037774e-01	
201  550.878	8.326972e+01	2.766730e+00	9.472130e-05	9.000141e-10	1.000603e+04	1.000000e+09	1.747185e+00	3.036725e-01	
5  554.054	8.323547e+01	2.756351e+00	9.472235e-05	9.000085e-10	1.000665e+04	1.000000e+09	1.774813e+00	3.035555e-01	
3  553.767	8.282060e+01	2.749184e+00	9.475723e-05	9.000068e-10	1.000530e+04	1.000000e+09	1.739510e+00	3.038506e-01	
31  552.621	8.341411e+01	2.745759e+00	9.482869e-05	9.000039e-10	1.000462e+04	1.000000e+09	1.766062e+00	3.032331e-01	
