1  45765.6	1.124408e+00	1.697221e-01	2.152378e+00	9.720880e-01	7.697728e-02	-1.041223e+00	-1.720787e+00	5.959767e-01	1.727597e+01	6.692610e+01	1.124236e+00	
1  36749.3	1.233147e+00	1.627448e-01	2.132606e+00	9.719602e-01	7.830428e-02	-9.956609e-01	-1.832585e+00	6.021825e-01	1.621469e+01	6.633943e+01	1.083136e+00	
40  6332.04	2.186594e+00	1.049734e-01	2.138146e+00	9.619230e-01	7.091715e-02	-8.182766e-01	-6.474976e-01	7.093926e-01	9.226883e+00	6.606535e+01	6.947530e-01	
127  6098.03	2.264831e+00	1.141454e-01	2.241387e+00	9.687139e-01	8.227061e-02	-7.933710e-01	-9.404449e-01	6.853537e-01	1.017130e+01	6.593587e+01	7.743752e-01	
50  6096.04	2.196348e+00	1.230164e-01	2.289492e+00	9.641615e-01	9.621601e-02	-6.378695e-01	-1.799184e+00	6.624835e-01	1.177164e+01	6.553999e+01	8.510527e-01	
58  6066.24	2.354054e+00	1.112737e-01	2.285382e+00	9.651711e-01	1.023772e-01	-4.420164e-01	-1.596627e+00	6.759885e-01	1.146841e+01	6.450416e+01	7.518481e-01	
1017  6046.3	2.310433e+00	1.211718e-01	2.408256e+00	9.674151e-01	1.217210e-01	-2.965387e-01	-2.603800e+00	6.605448e-01	1.338602e+01	6.519376e+01	8.495228e-01	
852  6033.04	2.338543e+00	1.194548e-01	2.457552e+00	9.646090e-01	1.317050e-01	-2.535706e-01	-2.739236e+00	6.613688e-01	1.398123e+01	6.494740e+01	8.471022e-01	
1303  6034.54	2.337181e+00	1.143668e-01	2.537100e+00	9.711885e-01	1.532470e-01	-4.768916e-01	-1.811189e+00	6.855746e-01	1.538644e+01	6.618644e+01	8.308547e-01	
780  6036.82	2.348309e+00	1.140075e-01	2.561123e+00	9.722149e-01	1.557588e-01	-4.288709e-01	-1.774163e+00	6.764037e-01	1.550717e+01	6.518305e+01	8.213278e-01	
669  6028.29	2.245843e+00	1.216296e-01	2.549924e+00	9.728093e-01	1.502568e-01	-3.799233e-01	-2.758779e+00	6.626110e-01	1.580899e+01	6.535044e+01	8.973976e-01	
677  6023.86	2.160141e+00	1.180496e-01	2.460268e+00	9.645646e-01	1.345191e-01	-6.044619e-01	-1.963997e+00	6.802603e-01	1.488388e+01	6.608817e+01	8.674323e-01	
4434  6022.09	2.268006e+00	1.170347e-01	2.448748e+00	9.643953e-01	1.337774e-01	-6.460059e-01	-1.492743e+00	6.748667e-01	1.435464e+01	6.555268e+01	8.348478e-01	
1177  6021.64	2.307069e+00	1.148086e-01	2.517864e+00	9.736442e-01	1.474702e-01	-6.669577e-01	-1.368255e+00	6.812311e-01	1.512674e+01	6.576753e+01	8.327162e-01	
2913  6013.66	2.229586e+00	1.137149e-01	2.361191e+00	9.767649e-01	1.222509e-01	-6.362997e-01	-1.541044e+00	6.879692e-01	1.351376e+01	6.602188e+01	8.135240e-01	
6116  6013.09	2.207847e+00	1.159239e-01	2.377837e+00	9.784760e-01	1.219402e-01	-5.381363e-01	-1.946161e+00	6.789578e-01	1.363309e+01	6.556352e+01	8.341447e-01	
1.832e+04  6011.12	2.258944e+00	1.145362e-01	2.352334e+00	9.712284e-01	1.165468e-01	-4.722610e-01	-1.947553e+00	6.819461e-01	1.297751e+01	6.566121e+01	8.103497e-01	
7300  6001.35	2.282015e+00	1.184062e-01	2.340552e+00	9.693574e-01	1.115440e-01	-7.044673e-01	-1.629417e+00	6.830533e-01	1.261533e+01	6.675208e+01	8.403185e-01	
7532  5998.93	2.199201e+00	1.247015e-01	2.315380e+00	9.646635e-01	9.786444e-02	-7.569584e-01	-2.057444e+00	6.750381e-01	1.193588e+01	6.718761e+01	8.909821e-01	
1.341e+04  5995.42	2.190508e+00	1.236698e-01	2.299903e+00	9.581631e-01	9.477647e-02	-9.235741e-01	-1.772485e+00	6.900864e-01	1.167197e+01	6.853664e+01	8.936985e-01	
2761  5997.8	2.252242e+00	1.213078e-01	2.297056e+00	9.713294e-01	9.636715e-02	-8.481465e-01	-1.615858e+00	6.938718e-01	1.154738e+01	6.854463e+01	8.694328e-01	
3.42e+04  5991.42	2.239044e+00	1.198135e-01	2.241427e+00	9.681024e-01	8.703144e-02	-6.873551e-01	-1.914169e+00	6.847270e-01	1.074124e+01	6.716026e+01	8.418773e-01	
1.828e+04  5994.1	2.201076e+00	1.226865e-01	2.303820e+00	9.601338e-01	9.679528e-02	-7.887573e-01	-1.890696e+00	6.804178e-01	1.178427e+01	6.728820e+01	8.763508e-01	
1.481e+04  5993.94	2.247048e+00	1.201001e-01	2.316900e+00	9.618527e-01	1.013043e-01	-8.370386e-01	-1.588077e+00	6.945195e-01	1.194852e+01	6.831611e+01	8.618641e-01	
6.054e+04  5993.28	2.272560e+00	1.175651e-01	2.346045e+00	9.709218e-01	1.103921e-01	-8.534939e-01	-1.274530e+00	6.970243e-01	1.254373e+01	6.804725e+01	8.434586e-01	
7.926e+04  5995.67	2.231750e+00	1.161821e-01	2.280209e+00	9.788289e-01	1.002945e-01	-8.695597e-01	-1.272514e+00	6.991405e-01	1.182077e+01	6.784884e+01	8.317410e-01	
1.823e+04  5993.33	2.246459e+00	1.172992e-01	2.346834e+00	9.713505e-01	1.133404e-01	-1.010931e+00	-1.005706e+00	7.048278e-01	1.287222e+01	6.881126e+01	8.517429e-01	
4445  5997.93	2.234465e+00	1.157949e-01	2.367444e+00	9.717331e-01	1.191227e-01	-1.078740e+00	-7.736901e-01	7.075909e-01	1.334531e+01	6.873271e+01	8.433922e-01	
3581  5992.79	2.277638e+00	1.177774e-01	2.275891e+00	9.720532e-01	9.563329e-02	-8.847934e-01	-1.193295e+00	6.927633e-01	1.132663e+01	6.763705e+01	8.302306e-01	
1.233e+05  5991.95	2.206724e+00	1.182664e-01	2.340861e+00	9.734639e-01	1.113138e-01	-8.989959e-01	-1.346276e+00	6.967978e-01	1.287082e+01	6.803223e+01	8.601453e-01	
